joint_trajectory:
  joint_names: [panda_joint1, panda_joint2, panda_joint3, panda_joint4, panda_joint5, panda_joint6, panda_joint7]
  points:
    - positions: [0, -0.785, 0, -2.356, 0, 1.571, 0.785]
      time_from_start: 0
    - positions: [-1.39729783034241, -1.688644212379526, 2.729126315245338, -1.203767328546852, -1.376986784704767, 1.844771915518207, 0.1751692616752961]
      time_from_start: 0
    - positions: [-2.059578403381877, -1.7628, 2.8973, -0.8730880141955879, -2.024531577374489, 2.020776967010256, 0.4642898954074972]
      time_from_start: 0