joint_trajectory:
  joint_names: [panda_joint1, panda_joint2, panda_joint3, panda_joint4, panda_joint5, panda_joint6, panda_joint7]
  points:
    - positions: [0, -0.785, 0, -2.356, 0, 1.571, 0.785]
      time_from_start: 0
    - positions: [-1.223972845453489, -0.6220085249830036, -0.619588967483677, -2.047792456959072, -2.870566578658437, 3.00977344547864, -1.471687485339632]
      time_from_start: 0
    - positions: [-2.560887932300606, -1.149090925475831, 2.810613871542108, -0.627199440357793, 1.637913372311472, 3.7525, 2.645796261039909]
      time_from_start: 0