joint_trajectory:
  joint_names: [panda_joint1, panda_joint2, panda_joint3, panda_joint4, panda_joint5, panda_joint6, panda_joint7]
  points:
    - positions: [0, -0.785, 0, -2.356, 0, 1.571, 0.785]
      time_from_start: 0
    - positions: [-0.04080682292943827, -1.163004543716647, 2.643472888867604, -2.499541812526993, -0.390423393579852, 2.948013441746589, 1.758490878671315]
      time_from_start: 0
    - positions: [-2.426686456429739, -1.483590428908221, 1.251905016712466, -0.5202712448372924, -2.487721778170492, 3.624462837307372, 1.891881734910551]
      time_from_start: 0