joint_trajectory:
  joint_names: [panda_joint1, panda_joint2, panda_joint3, panda_joint4, panda_joint5, panda_joint6, panda_joint7]
  points:
    - positions: [0, -0.785, 0, -2.356, 0, 1.571, 0.785]
      time_from_start: 0
    - positions: [0.9790406893898043, -0.9542576800426141, -2.483018821867426, -1.983394851375009, 2.686123307568648, 1.831427701790303, 0.8073873656661859]
      time_from_start: 0
    - positions: [2.380121409539842, -0.8945101126279791, -2.64810117241673, -1.737506166991542, 2.8973, 2.216149138923589, 0.5388151762890213]
      time_from_start: 0