joint_trajectory:
  joint_names: [panda_joint1, panda_joint2, panda_joint3, panda_joint4, panda_joint5, panda_joint6, panda_joint7]
  points:
    - positions: [0, -0.785, 0, -2.356, 0, 1.571, 0.785]
      time_from_start: 0
    - positions: [1.571811805999094, -0.2377465427714214, 0.6588257667872801, -1.807656217547658, -1.565237743490969, 2.456256824440912, 0.02703578875069323]
      time_from_start: 0
    - positions: [1.254706815942775, 0.1647058692659805, 0.3732504903747258, -1.916862714516825, -2.56860300873845, 2.530577278877955, 0.224354212304873]
      time_from_start: 0