joint_trajectory:
  joint_names: [panda_joint1, panda_joint2, panda_joint3, panda_joint4, panda_joint5, panda_joint6, panda_joint7]
  points:
    - positions: [0, -0.785, 0, -2.356, 0, 1.571, 0.785]
      time_from_start: 0
    - positions: [0.5616079446050053, -0.7271383140410985, 0.285474103673528, -2.392594164380083, -0.083076968739574, 1.824711561456179, 0.2510468022286628]
      time_from_start: 0
    - positions: [1.317527605082832, -0.12238270079502, 0.4998374479544053, -2.107337637197669, -1.72523247269968, 2.418426105954212, -0.06160882823904501]
      time_from_start: 0
    - positions: [1.254706815942775, 0.1647058692659805, 0.3732504903747258, -1.916862714516825, -2.56860300873845, 2.530577278877955, 0.224354212304873]
      time_from_start: 0