joint_trajectory:
  joint_names: [panda_joint1, panda_joint2, panda_joint3, panda_joint4, panda_joint5, panda_joint6, panda_joint7]
  points:
    - positions: [0, -0.785, 0, -2.356, 0, 1.571, 0.785]
      time_from_start: 0
    - positions: [-0.8412590916862769, -0.9618840657370515, -0.318508172743128, -1.73288866745932, 0.1443161849286406, 1.888038474287827, 1.812043567106591]
      time_from_start: 0
    - positions: [-0.4515580469012466, -0.337373415730315, 1.132869861315878, -1.682646625016388, 1.745482051484974, 2.917376629763767, 2.499047363805583]
      time_from_start: 0