joint_trajectory:
  joint_names: [panda_joint1, panda_joint2, panda_joint3, panda_joint4, panda_joint5, panda_joint6, panda_joint7]
  points:
    - positions: [0, -0.785, 0, -2.356, 0, 1.571, 0.785]
      time_from_start: 0
    - positions: [1.082795725363344, -1.496872696372394, -2.328141625596587, -2.169838148741738, 1.826388071061019, 1.872982596489621, 1.001776575041295]
      time_from_start: 0
    - positions: [1.996905864154711, -1.225788095103012, -2.174417028539071, -1.683612632265428, 2.740664677435765, 2.343579430451194, 0.14197247711108]
      time_from_start: 0