joint_trajectory:
  joint_names: [panda_joint1, panda_joint2, panda_joint3, panda_joint4, panda_joint5, panda_joint6, panda_joint7]
  points:
    - positions: [0, -0.785, 0, -2.356, 0, 1.571, 0.785]
      time_from_start: 0
    - positions: [0.3469037470621777, -1.169362153021487, -2.212255980462207, -1.992678405142167, 2.14296256544933, 1.634238712777943, 0.6890823672386925]
      time_from_start: 0
    - positions: [1.508334451421298, -1.372656226988297, -2.210815911919353, -2.061894220007791, 2.354655038392288, 2.04362851952347, 0.1910199785815209]
      time_from_start: 0
    - positions: [1.93964784462679, -1.442101697285598, -2.187583178486586, -2.093304423116487, 2.402729860236766, 2.198517705609504, -0.001629562495787338]
      time_from_start: 0