joint_trajectory:
  joint_names: [panda_joint1, panda_joint2, panda_joint3, panda_joint4, panda_joint5, panda_joint6, panda_joint7]
  points:
    - positions: [0, -0.785, 0, -2.356, 0, 1.571, 0.785]
      time_from_start: 0
    - positions: [-0.04822412369833659, 0.2876047290693222, -0.6418967607733631, -2.130706859670667, -2.328817529503622, 2.037459344729613, 0.8406794294891242]
      time_from_start: 0
    - positions: [1.254706815942775, 0.1647058692659802, 0.3732504903747256, -1.916862714516825, -2.568603008738451, 2.530577278877955, 0.2243542123048728]
      time_from_start: 0