joint_trajectory:
  joint_names: [panda_joint1, panda_joint2, panda_joint3, panda_joint4, panda_joint5, panda_joint6, panda_joint7]
  points:
    - positions: [0, -0.785, 0, -2.356, 0, 1.571, 0.785]
      time_from_start: 0
    - positions: [-1.527806275575282, -1.51359940068461, -0.4995233665139414, -2.556268148727738, 1.763954944755556, 1.72533777464414, -2.402654169604741]
      time_from_start: 0
    - positions: [1.325203953316242, -0.495558562309327, -1.153599852530622, -2.051884201103849, -2.8973, 2.831173047562727, 0.09975614819556891]
      time_from_start: 0