joint_trajectory:
  joint_names: [panda_joint1, panda_joint2, panda_joint3, panda_joint4, panda_joint5, panda_joint6, panda_joint7]
  points:
    - positions: [0, -0.785, 0, -2.356, 0, 1.571, 0.785]
      time_from_start: 0
    - positions: [1.882349688762101, 1.75739203400407, 2.703859603819437, -1.933294163270644, 0.4639925731296652, 3.486953207326587, 1.316280352562387]
      time_from_start: 0
    - positions: [1.828495282709803, 0.8439393805714367, -1.054319235448286, -1.856508419652633, -1.72346002064741, 2.678023055728052, 0.2534991502548077]
      time_from_start: 0
    - positions: [1.830424991279694, 1.053018468523429, -1.274194115482533, -1.738721964425967, -1.7418596410625, 2.776594959791613, 0.4767045198528407]
      time_from_start: 0