joint_trajectory:
  joint_names: [panda_joint1, panda_joint2, panda_joint3, panda_joint4, panda_joint5, panda_joint6, panda_joint7]
  points:
    - positions: [0, -0.785, 0, -2.356, 0, 1.571, 0.785]
      time_from_start: 0
    - positions: [0.1131517334009389, -0.105234442672448, -0.7679735692397385, -2.270356713401771, -1.241120754213881, 2.589187947796877, -0.1317028830252374]
      time_from_start: 0
    - positions: [1.10869188042432, -0.1309429160286409, 0.4574911957317923, -2.092202727823391, -2.277132328188551, 2.236134518557256, 0.03363241874643119]
      time_from_start: 0
    - positions: [1.254706815942775, 0.1647058692659804, 0.3732504903747256, -1.916862714516825, -2.568603008738451, 2.530577278877955, 0.2243542123048728]
      time_from_start: 0