joint_trajectory:
  joint_names: [panda_joint1, panda_joint2, panda_joint3, panda_joint4, panda_joint5, panda_joint6, panda_joint7]
  points:
    - positions: [0, -0.785, 0, -2.356, 0, 1.571, 0.785]
      time_from_start: 0
    - positions: [0.2805679057407226, -0.9865858558678533, 1.917322418266362, -1.697402731099015, -0.7418322337246511, 2.481796479673844, 0.3341244434458284]
      time_from_start: 0
    - positions: [-1.901071176285342, -1.731918450047364, 2.869255600598395, -0.9749872742218544, -1.903038471489209, 2.104535491294237, 0.4287427346500544]
      time_from_start: 0
    - positions: [-2.059578403381877, -1.7628, 2.8973, -0.873088014195588, -2.024531577374489, 2.020776967010256, 0.4642898954074971]
      time_from_start: 0