joint_trajectory:
  joint_names: [panda_joint1, panda_joint2, panda_joint3, panda_joint4, panda_joint5, panda_joint6, panda_joint7]
  points:
    - positions: [0, -0.785, 0, -2.356, 0, 1.571, 0.785]
      time_from_start: 0
    - positions: [0.9143699594770702, 0.424362866506, 0.6707620530289147, -1.249662919906645, 0.2059830235469285, 1.862678459611441, 0.5019249660338949]
      time_from_start: 0
    - positions: [1.074709381773355, 1.548678716183905, 0.7426043719339603, -0.9906430876738502, -0.1261970157270103, 2.243435989711971, 0.2012371853725449]
      time_from_start: 0
    - positions: [0.8595373340408956, 1.7628, 0.113947316703968, -0.8677143294801049, -2.400000103006874, 1.889923295095493, 0.3617979380994659]
      time_from_start: 0