joint_trajectory:
  joint_names: [panda_joint1, panda_joint2, panda_joint3, panda_joint4, panda_joint5, panda_joint6, panda_joint7]
  points:
    - positions: [0, -0.785, 0, -2.356, 0, 1.571, 0.785]
      time_from_start: 0
    - positions: [0.3757226434714723, -0.9782598660229329, 0.9218176347841731, -2.506241660110558, 0.2933672208346257, 1.79475516329907, 1.005669815090158]
      time_from_start: 0
    - positions: [-1.766266887723223, -1.700026232983414, 2.783151550627319, -1.059522160380692, -1.75184317326193, 2.019653718070255, 0.5433344648654486]
      time_from_start: 0
    - positions: [-2.059578403381877, -1.7628, 2.8973, -0.8730880141955879, -2.024531577374489, 2.020776967010256, 0.4642898954074972]
      time_from_start: 0