joint_trajectory:
  joint_names: [panda_joint1, panda_joint2, panda_joint3, panda_joint4, panda_joint5, panda_joint6, panda_joint7]
  points:
    - positions: [0, -0.785, 0, -2.356, 0, 1.571, 0.785]
      time_from_start: 0
    - positions: [-0.9382778167711576, 0.8944654110539476, 0.8263170305040891, -1.138345365807404, -1.06382605109458, 2.149923246028127, -0.1934022670963855]
      time_from_start: 0
    - positions: [-1.23956258577125, 0.4238419065495452, 1.611091867345733, -1.146888569851512, -1.345936848330709, 3.426467735516125, -0.4747380997861013]
      time_from_start: 0
    - positions: [-1.318319519564185, -0.1360488082484662, 1.743795952215269, -1.382155352797945, -1.782529348145575, 3.61366146277055, -0.3968248420078378]
      time_from_start: 0