joint_trajectory:
  joint_names: [panda_joint1, panda_joint2, panda_joint3, panda_joint4, panda_joint5, panda_joint6, panda_joint7]
  points:
    - positions: [0, -0.785, 0, -2.356, 0, 1.571, 0.785]
      time_from_start: 0
    - positions: [-0.1491220917763728, 1.230860322629777, -1.393662704686043, -2.027718119548363, -1.487889095890606, 2.59767697358507, 1.376293488284344]
      time_from_start: 0
    - positions: [0.7610749549054405, 1.760106329736889, -1.342523142069679, -1.653384558176427, -2.699493120657893, 2.41454992440345, 2.040757872710095]
      time_from_start: 0