joint_trajectory:
  joint_names: [panda_joint1, panda_joint2, panda_joint3, panda_joint4, panda_joint5, panda_joint6, panda_joint7]
  points:
    - positions: [0, -0.785, 0, -2.356, 0, 1.571, 0.785]
      time_from_start: 0
    - positions: [-1.802072191700153, -0.6323483744045931, 1.94011606421689, -2.082770086080089, -2.263883727624122, 2.882037950930296, 0.9976467669861674]
      time_from_start: 0
    - positions: [-2.430346882540322, -1.55216622210359, 1.934754681087525, -1.693047254240305, -2.76148334031317, 2.320458664835878, 1.858893543395584]
      time_from_start: 0