joint_trajectory:
  joint_names: [panda_joint1, panda_joint2, panda_joint3, panda_joint4, panda_joint5, panda_joint6, panda_joint7]
  points:
    - positions: [0, -0.785, 0, -2.356, 0, 1.571, 0.785]
      time_from_start: 0
    - positions: [-1.390001845238694, -0.4436159323135568, 2.620979333362794, -1.820720335583947, -2.038027631104212, 2.363619044395365, 0.232336828435417]
      time_from_start: 0
    - positions: [-1.455237415280097, -0.452692055729356, 2.633502351131454, -1.812919302475157, -2.048827261133049, 2.347888523833736, 0.2535823194164438]
      time_from_start: 0
    - positions: [-1.832106679094198, -0.560985063026476, 2.660217817558489, -1.807306367207909, -2.098886661017151, 2.282932226009491, 0.2799626991209065]
      time_from_start: 0