joint_trajectory:
  joint_names: [panda_joint1, panda_joint2, panda_joint3, panda_joint4, panda_joint5, panda_joint6, panda_joint7]
  points:
    - positions: [0, -0.785, 0, -2.356, 0, 1.571, 0.785]
      time_from_start: 0
    - positions: [1.497219907062947, -0.1774801850185333, 0.7081117759284297, -1.631784854777696, -2.074481010672552, 2.018351207583653, 0.7523972970954789]
      time_from_start: 0
    - positions: [1.041587133219091, -0.06249806170533684, 0.987251400403271, -1.759215724568247, -2.510165143901724, 2.815651339136197, 0.711619379406025]
      time_from_start: 0
    - positions: [1.254706815942775, 0.1647058692659805, 0.3732504903747258, -1.916862714516825, -2.56860300873845, 2.530577278877955, 0.224354212304873]
      time_from_start: 0