joint_trajectory:
  joint_names: [panda_joint1, panda_joint2, panda_joint3, panda_joint4, panda_joint5, panda_joint6, panda_joint7]
  points:
    - positions: [0, -0.785, 0, -2.356, 0, 1.571, 0.785]
      time_from_start: 0
    - positions: [-0.1702454399291647, -0.08386913548918649, 0.03835215283480935, -1.854268966497346, 1.143942416118477, 2.143038623217618, -1.56983793967821]
      time_from_start: 0
    - positions: [-2.600134306689675, -1.304241155100568, 0.8915160203825616, -0.569204587976579, 1.617219345498816, 2.513825169117794, -2.009984403236758]
      time_from_start: 0