joint_trajectory:
  joint_names: [panda_joint1, panda_joint2, panda_joint3, panda_joint4, panda_joint5, panda_joint6, panda_joint7]
  points:
    - positions: [0, -0.785, 0, -2.356, 0, 1.571, 0.785]
      time_from_start: 0
    - positions: [0.1766483498987327, -0.4735489159546989, -0.4892445473416759, -1.860892638853138, -0.7744730189803115, 1.727374158976218, 0.6778220440040974]
      time_from_start: 0
    - positions: [-2.112574316438892, -1.566270881074624, -0.4423809784589541, -0.948316068346675, -2.897292346550591, 2.26712719528548, -2.067048262019958]
      time_from_start: 0