joint_trajectory:
  joint_names: [panda_joint1, panda_joint2, panda_joint3, panda_joint4, panda_joint5, panda_joint6, panda_joint7]
  points:
    - positions: [0, -0.785, 0, -2.356, 0, 1.571, 0.785]
      time_from_start: 0
    - positions: [-1.416036886123588, -1.729681880514933, 2.648403029602688, -0.9763954490299418, -1.055798731216662, 1.740035100427158, 0.1731430412853208]
      time_from_start: 0
    - positions: [-1.837232329190814, -1.743888182195422, 2.818737260679555, -0.9238451881654836, -1.548673862945579, 1.931966746261159, 0.3727991736975093]
      time_from_start: 0
    - positions: [-2.059578403381877, -1.7628, 2.8973, -0.8730880141955878, -2.024531577374489, 2.020776967010256, 0.464289895407497]
      time_from_start: 0