joint_trajectory:
  joint_names: [panda_joint1, panda_joint2, panda_joint3, panda_joint4, panda_joint5, panda_joint6, panda_joint7]
  points:
    - positions: [0, -0.785, 0, -2.356, 0, 1.571, 0.785]
      time_from_start: 0
    - positions: [-0.9646178172195661, -1.213507232614635, 2.616705926273165, -1.667963558357415, -0.8610881752153172, 1.93846251814914, 0.4419667593398357]
      time_from_start: 0
    - positions: [-1.829273441381856, -1.648751759406409, 2.847430592816487, -1.063352537075323, -1.703857853427765, 2.005956681063201, 0.468573746917548]
      time_from_start: 0
    - positions: [-2.057810155648234, -1.7628, 2.8973, -0.8729206925914622, -2.021897696848775, 2.02692451063866, 0.4548792612282385]
      time_from_start: 0