joint_trajectory:
  joint_names: [panda_joint1, panda_joint2, panda_joint3, panda_joint4, panda_joint5, panda_joint6, panda_joint7]
  points:
    - positions: [0, -0.785, 0, -2.356, 0, 1.571, 0.785]
      time_from_start: 0
    - positions: [0.5240803662129441, -0.2951121280155533, -1.104848229678275, -2.305842459020112, 1.393734197964649, 1.584053988720679, 2.029414629284521]
      time_from_start: 0
    - positions: [0.8768344973540965, 0.674436730780088, -0.8688072881841942, -1.363119325889629, 2.424732217797476, 2.663635158268954, 2.309064472867512]
      time_from_start: 0
    - positions: [0.790959140092326, 1.333053246665348, -1.310281056851492, -0.6293068402341589, 2.895068964550971, 3.553732720058725, 2.271640020346017]
      time_from_start: 0