joint_trajectory:
  joint_names: [panda_joint1, panda_joint2, panda_joint3, panda_joint4, panda_joint5, panda_joint6, panda_joint7]
  points:
    - positions: [0, -0.785, 0, -2.356, 0, 1.571, 0.785]
      time_from_start: 0
    - positions: [-1.611738210894798, 0.9574774227829883, 0.6362328963635013, -1.974714151869625, 1.898123967416447, 2.449573484804352, 0.2673546396533449]
      time_from_start: 0
    - positions: [-1.267663084654627, 1.418523828431426, 1.136854913087631, -1.674752583998954, 2.666345264514318, 2.44195196194972, -0.05657849355977375]
      time_from_start: 0