joint_trajectory:
  joint_names: [panda_joint1, panda_joint2, panda_joint3, panda_joint4, panda_joint5, panda_joint6, panda_joint7]
  points:
    - positions: [0, -0.785, 0, -2.356, 0, 1.571, 0.785]
      time_from_start: 0
    - positions: [-1.697745309644934, 0.4074918719587645, 0.4480941796313461, -1.484200886051726, 1.23011072503582, 1.860667395543112, 0.1313029326678879]
      time_from_start: 0
    - positions: [-1.809971326283232, 0.1605379655382221, 2.680959023298365, -1.656447368244845, 1.342033818851641, 3.17953837762982, 2.452053000366536]
      time_from_start: 0
    - positions: [-1.809027610525236, 0.1252500475297762, 2.781051897517626, -1.70466632419995, 1.31990361441481, 3.22083080823932, 2.571490802733566]
      time_from_start: 0