joint_trajectory:
  joint_names: [panda_joint1, panda_joint2, panda_joint3, panda_joint4, panda_joint5, panda_joint6, panda_joint7]
  points:
    - positions: [0, -0.785, 0, -2.356, 0, 1.571, 0.785]
      time_from_start: 0
    - positions: [0.2297652314519892, 0.4526158559637852, -0.6266036654680961, -2.530441290285851, 0.467999281208034, 2.324567531757507, 0.2882146076654008]
      time_from_start: 0
    - positions: [-0.1586711005042676, 0.8049008103753899, 0.0988625288321216, -2.197755982023287, 2.897299757658157, 1.716667945417395, 0.7556340671195018]
      time_from_start: 0