joint_trajectory:
  joint_names: [panda_joint1, panda_joint2, panda_joint3, panda_joint4, panda_joint5, panda_joint6, panda_joint7]
  points:
    - positions: [0, -0.785, 0, -2.356, 0, 1.571, 0.785]
      time_from_start: 0
    - positions: [2.352815710459929, -0.56868122147955, 2.023092735920893, -1.133313489458105, -0.2265582457856277, 1.98530027000932, 0.9438493573166431]
      time_from_start: 0
    - positions: [-1.995711891681472, -1.757010949604795, 2.863549120043998, -0.9046164925000848, -2.009170957494709, 2.029982980086854, 0.4632514339627735]
      time_from_start: 0
    - positions: [-2.059578403381877, -1.7628, 2.8973, -0.873088014195588, -2.024531577374489, 2.020776967010256, 0.4642898954074971]
      time_from_start: 0