joint_trajectory:
  joint_names: [panda_joint1, panda_joint2, panda_joint3, panda_joint4, panda_joint5, panda_joint6, panda_joint7]
  points:
    - positions: [0, -0.785, 0, -2.356, 0, 1.571, 0.785]
      time_from_start: 0
    - positions: [-1.129811849909591, -1.53953731508573, 2.620784829201344, -1.211892955805538, -0.5892031082888566, 1.620464186805355, 1.012950321306161]
      time_from_start: 0
    - positions: [-1.92463768005322, -1.745566280423496, 2.87231676544335, -0.9278285906243691, -1.808911564628357, 1.945836490459746, 0.5412424051587179]
      time_from_start: 0
    - positions: [-2.059578403381877, -1.7628, 2.8973, -0.8730880141955879, -2.024531577374489, 2.020776967010256, 0.4642898954074972]
      time_from_start: 0