joint_trajectory:
  joint_names: [panda_joint1, panda_joint2, panda_joint3, panda_joint4, panda_joint5, panda_joint6, panda_joint7]
  points:
    - positions: [0, -0.785, 0, -2.356, 0, 1.571, 0.785]
      time_from_start: 0
    - positions: [0.8633134987139556, 0.6031510855846256, -1.816413774391618, -2.010781701323963, 1.710497561360288, 2.314464381256478, 2.491877890121851]
      time_from_start: 0
    - positions: [2.076966419691143, 1.129042061898274, -2.168463680503177, -1.780266061046943, 2.197280218154075, 2.202878470741207, 2.8973]
      time_from_start: 0