joint_trajectory:
  joint_names: [panda_joint1, panda_joint2, panda_joint3, panda_joint4, panda_joint5, panda_joint6, panda_joint7]
  points:
    - positions: [0, -0.785, 0, -2.356, 0, 1.571, 0.785]
      time_from_start: 0
    - positions: [0.9003244590844961, -0.2043460518753155, 2.553550368235121, -2.85731861178556, 0.07734927078383036, 2.381111906056758, -2.528835370523808]
      time_from_start: 0
    - positions: [1.254706815942775, 0.1647058692659802, 0.3732504903747257, -1.916862714516825, -2.568603008738451, 2.530577278877955, 0.2243542123048728]
      time_from_start: 0