joint_trajectory:
  joint_names: [panda_joint1, panda_joint2, panda_joint3, panda_joint4, panda_joint5, panda_joint6, panda_joint7]
  points:
    - positions: [0, -0.785, 0, -2.356, 0, 1.571, 0.785]
      time_from_start: 0
    - positions: [-1.176820365239804, -1.599150051808616, 2.271743959072164, -1.405414697031702, -0.4637664750066074, 2.179749745652439, -0.1630730453575883]
      time_from_start: 0
    - positions: [-2.059578403381877, -1.7628, 2.8973, -0.8730880141955879, -2.024531577374489, 2.020776967010256, 0.4642898954074973]
      time_from_start: 0