joint_trajectory:
  joint_names: [panda_joint1, panda_joint2, panda_joint3, panda_joint4, panda_joint5, panda_joint6, panda_joint7]
  points:
    - positions: [0, -0.785, 0, -2.356, 0, 1.571, 0.785]
      time_from_start: 0
    - positions: [2.540026806284799, -0.6540535275534819, -0.9230492517280269, -1.013254961428372, -2.128667917311862, 1.917139352362223, -1.135851541026025]
      time_from_start: 0
    - positions: [2.8973, -1.181407637664795, -1.215426432635528, -0.7871516880270424, -2.685269444175159, 2.188975785502267, -1.423490301671584]
      time_from_start: 0