joint_trajectory:
  joint_names: [panda_joint1, panda_joint2, panda_joint3, panda_joint4, panda_joint5, panda_joint6, panda_joint7]
  points:
    - positions: [0, -0.785, 0, -2.356, 0, 1.571, 0.785]
      time_from_start: 0
    - positions: [-2.420435578133073, 1.469913580895215, -2.170922966084676, -1.27443394121693, 2.19558770622015, 3.390488858714234, 1.265878527187743]
      time_from_start: 0
    - positions: [-1.36056691743218, 0.1936030197351241, 2.097537980134475, -1.813299640674125, -0.8481078376766136, 3.335443711443213, -1.675384740821699]
      time_from_start: 0