joint_trajectory:
  joint_names: [panda_joint1, panda_joint2, panda_joint3, panda_joint4, panda_joint5, panda_joint6, panda_joint7]
  points:
    - positions: [0, -0.785, 0, -2.356, 0, 1.571, 0.785]
      time_from_start: 0
    - positions: [0.453075541732825, -0.5651099854825916, -0.1838330618027271, -2.456878505219857, 1.092487065739608, 2.495840477337913, 0.9120671636408879]
      time_from_start: 0
    - positions: [0.5781376558876425, 0.2445103544396452, -0.2659354696136914, -1.667400463929652, 1.727129660480364, 3.226418326098011, 1.730749786875124]
      time_from_start: 0
    - positions: [0.6037069255313845, 1.130455729793903, -0.3816111172193365, -0.6932462856099032, 1.608861797311284, 3.7525, 2.747945801976867]
      time_from_start: 0