joint_trajectory:
  joint_names: [panda_joint1, panda_joint2, panda_joint3, panda_joint4, panda_joint5, panda_joint6, panda_joint7]
  points:
    - positions: [0, -0.785, 0, -2.356, 0, 1.571, 0.785]
      time_from_start: 0
    - positions: [1.181295898679117, -0.006073907354416208, 0.641868250948073, -1.96337511900458, -1.287434118006479, 1.879969010073868, -1.024926689450158]
      time_from_start: 0
    - positions: [1.254706815942775, 0.1647058692659805, 0.3732504903747255, -1.916862714516825, -2.56860300873845, 2.530577278877955, 0.2243542123048728]
      time_from_start: 0