joint_trajectory:
  joint_names: [panda_joint1, panda_joint2, panda_joint3, panda_joint4, panda_joint5, panda_joint6, panda_joint7]
  points:
    - positions: [0, -0.785, 0, -2.356, 0, 1.571, 0.785]
      time_from_start: 0
    - positions: [-0.9195420242913498, -1.383336057523751, 2.181390994760982, -1.058955829278359, 1.528925543218606, 3.373077615978824, -2.751243341610159]
      time_from_start: 0
    - positions: [-1.507512176987198, -1.254274784657464, 2.207060520647643, -1.458882982851941, 1.608592789052226, 3.7525, -2.771858770772897]
      time_from_start: 0