joint_trajectory:
  joint_names: [panda_joint1, panda_joint2, panda_joint3, panda_joint4, panda_joint5, panda_joint6, panda_joint7]
  points:
    - positions: [0, -0.785, 0, -2.356, 0, 1.571, 0.785]
      time_from_start: 0
    - positions: [-0.9043392426639578, 0.2011807063231236, -1.27457867551245, -2.411609879935631, 1.091064852523085, 2.332543060693488, -0.7628816052196903]
      time_from_start: 0
    - positions: [-0.7331214873466645, 0.8906432582657715, 0.4589838413068257, -1.720617938091734, 2.8973, 2.212826056434682, 0.5738232618667901]
      time_from_start: 0