joint_trajectory:
  joint_names: [panda_joint1, panda_joint2, panda_joint3, panda_joint4, panda_joint5, panda_joint6, panda_joint7]
  points:
    - positions: [0, -0.785, 0, -2.356, 0, 1.571, 0.785]
      time_from_start: 0
    - positions: [0.7800376569117428, 0.1391606916671285, -1.950922639833648, -2.178316092095836, 2.31643996034007, 2.900903589107758, 1.522956236286167]
      time_from_start: 0
    - positions: [1.007936296375487, 0.1852947571944227, -2.005259658252093, -2.174723192316287, 2.397953110385084, 2.882520958858948, 1.542633745288365]
      time_from_start: 0
    - positions: [2.132370841880538, 0.4040237807273026, -2.151646756691595, -2.113064717861945, 2.661695668520715, 2.718604512000226, 1.574540266462923]
      time_from_start: 0