joint_trajectory:
  joint_names: [panda_joint1, panda_joint2, panda_joint3, panda_joint4, panda_joint5, panda_joint6, panda_joint7]
  points:
    - positions: [0, -0.785, 0, -2.356, 0, 1.571, 0.785]
      time_from_start: 0
    - positions: [1.101979950386688, 0.8442039391503826, 0.8033704867289656, -1.772424728692302, -0.7989002735350851, 1.733128368825397, 0.1944258466568121]
      time_from_start: 0
    - positions: [0.9407931334889732, 1.607465826573673, 0.2038100632666529, -1.041162871738729, -1.98303445809041, 1.791898515306285, 0.3332573518257735]
      time_from_start: 0
    - positions: [0.8983513574777624, 1.7628, 0.06512226335725407, -0.8718015685970836, -2.354542167851222, 1.900887112931787, 0.3908155097436277]
      time_from_start: 0