joint_trajectory:
  joint_names: [panda_joint1, panda_joint2, panda_joint3, panda_joint4, panda_joint5, panda_joint6, panda_joint7]
  points:
    - positions: [0, -0.785, 0, -2.356, 0, 1.571, 0.785]
      time_from_start: 0
    - positions: [-2.37539823153081, -0.8845076587489688, 1.593308034297583, -0.5761722568026295, 0.6697846075589828, 2.438067677154846, -1.753912936844046]
      time_from_start: 0
    - positions: [-2.622472491475428, -1.042369360753849, 1.737798155983393, -0.4491560328224091, 0.5999077022977286, 2.655517524692281, -1.825927792553515]
      time_from_start: 0