joint_trajectory:
  joint_names: [panda_joint1, panda_joint2, panda_joint3, panda_joint4, panda_joint5, panda_joint6, panda_joint7]
  points:
    - positions: [0, -0.785, 0, -2.356, 0, 1.571, 0.785]
      time_from_start: 0
    - positions: [2.610093453716938, -0.6521307099715901, -1.381843577674087, -1.254253213867367, -1.907046756154622, 1.770931182299843, -0.261912292983921]
      time_from_start: 0
    - positions: [2.8973, -0.9908930828148488, -1.625591337923403, -0.6814655029087633, -2.312680522005066, 2.313866580391848, -1.338910257155701]
      time_from_start: 0