joint_trajectory:
  joint_names: [panda_joint1, panda_joint2, panda_joint3, panda_joint4, panda_joint5, panda_joint6, panda_joint7]
  points:
    - positions: [0, -0.785, 0, -2.356, 0, 1.571, 0.785]
      time_from_start: 0
    - positions: [1.66486252168008, -0.4000294574355592, 0.2466665525421834, -2.222373814556235, -0.9590089356192864, 2.472770470630144, -0.1938332597800175]
      time_from_start: 0
    - positions: [1.254706815942775, 0.1647058692659805, 0.3732504903747257, -1.916862714516825, -2.568603008738451, 2.530577278877955, 0.2243542123048728]
      time_from_start: 0