joint_trajectory:
  joint_names: [panda_joint1, panda_joint2, panda_joint3, panda_joint4, panda_joint5, panda_joint6, panda_joint7]
  points:
    - positions: [0, -0.785, 0, -2.356, 0, 1.571, 0.785]
      time_from_start: 0
    - positions: [1.510290140741679, -0.145740314138173, -0.9433116204827079, -1.658397218864569, -1.699177543819375, 3.511039058973298, -0.6024697866019757]
      time_from_start: 0
    - positions: [1.993915900405281, 0.09686882009545743, -1.531565117160925, -1.457282720470285, -1.721574067818251, 3.55844389387046, -0.5097090344677476]
      time_from_start: 0