joint_trajectory:
  joint_names: [panda_joint1, panda_joint2, panda_joint3, panda_joint4, panda_joint5, panda_joint6, panda_joint7]
  points:
    - positions: [0, -0.785, 0, -2.356, 0, 1.571, 0.785]
      time_from_start: 0
    - positions: [1.363055779404238, 0.03994320096102341, 1.178300997547981, -1.854847289533079, -1.473074585728236, 2.057108638702863, 0.880265350021195]
      time_from_start: 0
    - positions: [1.254706815942775, 0.1647058692659804, 0.3732504903747256, -1.916862714516825, -2.56860300873845, 2.530577278877955, 0.2243542123048729]
      time_from_start: 0