joint_trajectory:
  joint_names: [panda_joint1, panda_joint2, panda_joint3, panda_joint4, panda_joint5, panda_joint6, panda_joint7]
  points:
    - positions: [0, -0.785, 0, -2.356, 0, 1.571, 0.785]
      time_from_start: 0
    - positions: [-1.658816380906596, -1.22998541501406, 1.717586726945701, -2.159135304142869, -2.535630915454597, 2.300645565299523, 1.824521548982033]
      time_from_start: 0
    - positions: [-2.623170470761483, -1.212908479397013, 2.202197688273866, -1.702820498156252, -2.8973, 2.217695218845793, 1.520091239752188]
      time_from_start: 0