joint_trajectory:
  joint_names: [panda_joint1, panda_joint2, panda_joint3, panda_joint4, panda_joint5, panda_joint6, panda_joint7]
  points:
    - positions: [0, -0.785, 0, -2.356, 0, 1.571, 0.785]
      time_from_start: 0
    - positions: [-2.041416042125106, -0.4877162184829068, 0.386582290322205, -0.9518098220741606, -1.080690308768803, 2.060589256784353, -1.973597702297018]
      time_from_start: 0
    - positions: [-2.112574316438892, -1.566270881074624, -0.4423809784589541, -0.948316068346675, -2.897292346550591, 2.26712719528548, -2.067048262019958]
      time_from_start: 0