joint_trajectory:
  joint_names: [panda_joint1, panda_joint2, panda_joint3, panda_joint4, panda_joint5, panda_joint6, panda_joint7]
  points:
    - positions: [0, -0.785, 0, -2.356, 0, 1.571, 0.785]
      time_from_start: 0
    - positions: [-0.5542850885434122, -0.2559686931915511, -0.2915374878715392, -2.347205867826655, 2.711976003086471, 2.346893136634052, 0.7776865894046041]
      time_from_start: 0
    - positions: [-0.09587573393179533, -0.4212317278049341, -0.07581897693636139, -2.256779166581803, 2.589351126506951, 2.712747337785591, 1.041084972750153]
      time_from_start: 0
    - positions: [0.0002769891407937553, -0.1785134412573342, 0.07575167605053343, -2.045114251552369, 2.897299563677922, 2.83939943564931, 1.040765590661114]
      time_from_start: 0