joint_trajectory:
  joint_names: [panda_joint1, panda_joint2, panda_joint3, panda_joint4, panda_joint5, panda_joint6, panda_joint7]
  points:
    - positions: [0, -0.785, 0, -2.356, 0, 1.571, 0.785]
      time_from_start: 0
    - positions: [-2.335730695716179, -0.3482297868557274, 2.158522533389767, -2.927103824215522, 1.155576052493021, 2.33359195293393, -0.7266147586845326]
      time_from_start: 0
    - positions: [-2.592716821096103, -1.223958172851333, 2.176397212589854, -1.707177606977589, -2.878221550253017, 2.235043064064094, 1.535114990379996]
      time_from_start: 0