joint_trajectory:
  joint_names: [panda_joint1, panda_joint2, panda_joint3, panda_joint4, panda_joint5, panda_joint6, panda_joint7]
  points:
    - positions: [0, -0.785, 0, -2.356, 0, 1.571, 0.785]
      time_from_start: 0
    - positions: [0.4297573072873132, -0.8135072132490193, -0.1158672714954369, -2.249919706355415, -0.3181798139713304, 2.035341366982887, 0.3244643172045666]
      time_from_start: 0
    - positions: [1.643670400919151, -0.2483946337266024, -0.8321198904990321, -1.879675248922262, -0.3848949607782962, 3.258131866403204, -1.968372912569747]
      time_from_start: 0
    - positions: [1.710753917918572, -0.1807320282757189, -0.8936510944235053, -1.855230480974929, -0.3416302495882532, 3.320694394140823, -2.151057978573758]
      time_from_start: 0