joint_trajectory:
  joint_names: [panda_joint1, panda_joint2, panda_joint3, panda_joint4, panda_joint5, panda_joint6, panda_joint7]
  points:
    - positions: [0, -0.785, 0, -2.356, 0, 1.571, 0.785]
      time_from_start: 0
    - positions: [2.509013069508466, -0.01891045415606113, -1.777282377718219, -1.089015521733806, -2.836222927289635, 3.573377676100161, 0.3246711356982581]
      time_from_start: 0
    - positions: [2.658809994764083, -0.1045818872559978, -1.891545767588567, -1.251679202870314, -2.783125246655945, 3.460263519315481, 0.3376971757720765]
      time_from_start: 0