joint_trajectory:
  joint_names: [panda_joint1, panda_joint2, panda_joint3, panda_joint4, panda_joint5, panda_joint6, panda_joint7]
  points:
    - positions: [0, -0.785, 0, -2.356, 0, 1.571, 0.785]
      time_from_start: 0
    - positions: [2.010153941535465, -0.5573804725697363, -1.120339807958888, -1.624285182463593, -1.62786227479952, 3.219901778522497, -0.3755435167085769]
      time_from_start: 0
    - positions: [2.850540392221322, -0.1254736748307546, -2.056691447585527, -1.201652432441839, -2.872427693535133, 3.473686521072766, 0.4153281141484038]
      time_from_start: 0