joint_trajectory:
  joint_names: [panda_joint1, panda_joint2, panda_joint3, panda_joint4, panda_joint5, panda_joint6, panda_joint7]
  points:
    - positions: [0, -0.785, 0, -2.356, 0, 1.571, 0.785]
      time_from_start: 0
    - positions: [-2.407420627994603, 0.789320099604875, -0.8724745939808431, -2.813271006778232, 2.072770936391084, 2.277693617045879, 2.782192113056034]
      time_from_start: 0
    - positions: [0.7888102273508403, 1.266543975622338, -1.184532927795771, -0.6468161749322076, 2.736812887252535, 3.555985940581937, 2.28415858021579]
      time_from_start: 0