joint_trajectory:
  joint_names: [panda_joint1, panda_joint2, panda_joint3, panda_joint4, panda_joint5, panda_joint6, panda_joint7]
  points:
    - positions: [0, -0.785, 0, -2.356, 0, 1.571, 0.785]
      time_from_start: 0
    - positions: [1.554044436626767, -0.3573155057447641, 0.4055156473632818, -1.76934309124702, -2.161512913581281, 2.674012048662301, 0.3989098321835065]
      time_from_start: 0
    - positions: [1.401984658500419, -0.03443677387587199, 0.4124848400113582, -1.858156703706267, -2.453741914665175, 2.599066502618262, 0.3232335714127552]
      time_from_start: 0
    - positions: [1.254706815942775, 0.1647058692659802, 0.3732504903747256, -1.916862714516825, -2.568603008738451, 2.530577278877955, 0.2243542123048728]
      time_from_start: 0