joint_trajectory:
  joint_names: [panda_joint1, panda_joint2, panda_joint3, panda_joint4, panda_joint5, panda_joint6, panda_joint7]
  points:
    - positions: [0, -0.785, 0, -2.356, 0, 1.571, 0.785]
      time_from_start: 0
    - positions: [2.417894238801533, -1.618699496839754, 2.074513293461362, -0.688845762222563, 1.175125544333272, 3.688460720300209, 2.519068217903795]
      time_from_start: 0
    - positions: [-2.555836185791578, -1.110979325478391, 2.81255150569788, -0.7149324694297881, 1.54456381996005, 3.751258748018745, 2.754914117610543]
      time_from_start: 0