joint_trajectory:
  joint_names: [panda_joint1, panda_joint2, panda_joint3, panda_joint4, panda_joint5, panda_joint6, panda_joint7]
  points:
    - positions: [0, -0.785, 0, -2.356, 0, 1.571, 0.785]
      time_from_start: 0
    - positions: [0.7001231524863492, -0.01512300812799343, -0.2064620427272636, -1.430466323006448, 0.8612843184363199, 2.512364252290137, -1.110037800442703]
      time_from_start: 0
    - positions: [0.6354603412993656, 0.7715467883951294, -0.9529760543333299, -0.8249489811447825, -0.2088254723505342, 2.858685387986615, -1.539631550902967]
      time_from_start: 0