joint_trajectory:
  joint_names: [panda_joint1, panda_joint2, panda_joint3, panda_joint4, panda_joint5, panda_joint6, panda_joint7]
  points:
    - positions: [0, -0.785, 0, -2.356, 0, 1.571, 0.785]
      time_from_start: 0
    - positions: [1.848145337834359, 1.013546818883082, -2.193536268898672, -1.984314212626524, 2.061238892911039, 2.414744200492255, 2.718888890368888]
      time_from_start: 0
    - positions: [2.070592055805298, 1.119419902100579, -2.167356887537087, -1.774322425665009, 2.179575450152082, 2.194919362844152, 2.888494086206425]
      time_from_start: 0
    - positions: [2.077624731207356, 1.131821679892505, -2.166868713562003, -1.779906741559798, 2.191212812758545, 2.19973010097915, 2.896418891615464]
      time_from_start: 0