joint_trajectory:
  joint_names: [panda_joint1, panda_joint2, panda_joint3, panda_joint4, panda_joint5, panda_joint6, panda_joint7]
  points:
    - positions: [0, -0.785, 0, -2.356, 0, 1.571, 0.785]
      time_from_start: 0
    - positions: [1.550125473888291, -0.03684750611450262, 1.061579544675795, -1.777325081495186, -1.335220251581621, 2.126644008104988, -0.01719644533784847]
      time_from_start: 0
    - positions: [1.254706815942775, 0.1647058692659805, 0.3732504903747255, -1.916862714516825, -2.56860300873845, 2.530577278877955, 0.2243542123048728]
      time_from_start: 0