joint_trajectory:
  joint_names: [panda_joint1, panda_joint2, panda_joint3, panda_joint4, panda_joint5, panda_joint6, panda_joint7]
  points:
    - positions: [0, -0.785, 0, -2.356, 0, 1.571, 0.785]
      time_from_start: 0
    - positions: [2.426330454083998, -1.460171650061198, 1.402989085312979, -0.4422521816216873, -2.777025700098928, 1.859528142195195, -0.2175906231860165]
      time_from_start: 0
    - positions: [-2.059578403381877, -1.7628, 2.8973, -0.873088014195588, -2.024531577374489, 2.020776967010256, 0.4642898954074971]
      time_from_start: 0