joint_trajectory:
  joint_names: [panda_joint1, panda_joint2, panda_joint3, panda_joint4, panda_joint5, panda_joint6, panda_joint7]
  points:
    - positions: [0, -0.785, 0, -2.356, 0, 1.571, 0.785]
      time_from_start: 0
    - positions: [1.166483156301055, -0.06955516263180389, -1.633764479694427, -1.669184822604649, -1.762698520793928, 3.46164649058379, -0.2460560644571225]
      time_from_start: 0
    - positions: [1.876592770929836, 0.1570402425676362, -1.477709279189746, -1.397270255680096, -1.732361217655312, 3.627423842304994, -0.4336287089335008]
      time_from_start: 0