joint_trajectory:
  joint_names: [panda_joint1, panda_joint2, panda_joint3, panda_joint4, panda_joint5, panda_joint6, panda_joint7]
  points:
    - positions: [0, -0.785, 0, -2.356, 0, 1.571, 0.785]
      time_from_start: 0
    - positions: [-2.211633394559098, -1.65822862717527, -2.376990131489286, -1.705726742295993, -2.773520582526392, 1.05076131697276, -0.1421361172449123]
      time_from_start: 0
    - positions: [-2.35863418277741, -1.762785082259819, -2.897286508276129, -0.9045744003336776, -2.547616581865631, 1.827665875499341, 0.3302897893633286]
      time_from_start: 0