joint_trajectory:
  joint_names: [panda_joint1, panda_joint2, panda_joint3, panda_joint4, panda_joint5, panda_joint6, panda_joint7]
  points:
    - positions: [0, -0.785, 0, -2.356, 0, 1.571, 0.785]
      time_from_start: 0
    - positions: [-1.125995540744925, -0.2613531755929678, -0.1474089870982184, -1.622225184344233, -0.2444377236861225, 1.785567592868154, 0.6660560232907567]
      time_from_start: 0
    - positions: [-2.112574316438892, -1.566270881074624, -0.4423809784589539, -0.948316068346675, -2.897292346550591, 2.26712719528548, -2.067048262019958]
      time_from_start: 0