joint_trajectory:
  joint_names: [panda_joint1, panda_joint2, panda_joint3, panda_joint4, panda_joint5, panda_joint6, panda_joint7]
  points:
    - positions: [0, -0.785, 0, -2.356, 0, 1.571, 0.785]
      time_from_start: 0
    - positions: [-1.870090344027337, 0.8448666657714172, -2.278541742983833, 0.01363361198960344, 2.242924770626798, 1.362457939744927, 2.848993272393011]
      time_from_start: 0
    - positions: [-2.427546411858007, -1.302565613029661, 1.900687076859637, -0.4910275946350667, 2.871917479010565, 3.617215900905547, 2.196047911297669]
      time_from_start: 0