joint_trajectory:
  joint_names: [panda_joint1, panda_joint2, panda_joint3, panda_joint4, panda_joint5, panda_joint6, panda_joint7]
  points:
    - positions: [0, -0.785, 0, -2.356, 0, 1.571, 0.785]
      time_from_start: 0
    - positions: [-1.342426147373661, -0.6422832948209167, 0.4828151875299803, -1.258054007627702, -1.918061062763151, 3.097079393872045, 0.4432236127436236]
      time_from_start: 0
    - positions: [-2.311878511565669, -1.20633068607466, 1.311683272405103, -0.5698205375516063, -2.746945966047805, 3.581153388653055, 1.85728397593344]
      time_from_start: 0
    - positions: [-2.411091983375719, -1.391749724934819, 1.565621495920355, -0.4852851369721505, -2.8973, 3.651587849585909, 2.005699724873194]
      time_from_start: 0