joint_trajectory:
  joint_names: [panda_joint1, panda_joint2, panda_joint3, panda_joint4, panda_joint5, panda_joint6, panda_joint7]
  points:
    - positions: [0, -0.785, 0, -2.356, 0, 1.571, 0.785]
      time_from_start: 0
    - positions: [-1.518860877854129, -0.7516990892997237, 0.2691035289418242, -1.319411042596721, -0.01330126838224538, 1.316458161579877, -0.3458718577487532]
      time_from_start: 0
    - positions: [-2.112574316438892, -1.566270881074624, -0.4423809784589539, -0.9483160683466749, -2.897292346550591, 2.26712719528548, -2.067048262019958]
      time_from_start: 0