joint_trajectory:
  joint_names: [panda_joint1, panda_joint2, panda_joint3, panda_joint4, panda_joint5, panda_joint6, panda_joint7]
  points:
    - positions: [0, -0.785, 0, -2.356, 0, 1.571, 0.785]
      time_from_start: 0
    - positions: [-0.8266317110375339, -0.8225435345338981, 1.969060422935538, -1.887597675776748, -2.073036932188705, 2.15585799596306, -0.1391905832961605]
      time_from_start: 0
    - positions: [-1.297870504775994, -0.7451512377812626, 2.226920461334351, -1.949475174210659, -2.110309510371528, 2.301255468656771, 0.04935146008119563]
      time_from_start: 0
    - positions: [-1.666051163407527, -0.6134813887795638, 2.45590039422259, -1.808998927767214, -2.029167335708521, 2.373449747805456, 0.3127559084163254]
      time_from_start: 0