joint_trajectory:
  joint_names: [panda_joint1, panda_joint2, panda_joint3, panda_joint4, panda_joint5, panda_joint6, panda_joint7]
  points:
    - positions: [0, -0.785, 0, -2.356, 0, 1.571, 0.785]
      time_from_start: 0
    - positions: [-2.114007596442522, 1.15728805541005, -0.9054033182743471, -1.975675021054014, -0.7786078008245199, 2.357472435676027, 1.875934417341603]
      time_from_start: 0
    - positions: [-0.2022137399145754, 0.7908737002364593, 0.148714044712802, -2.217176737120618, 2.8973, 1.723023546520196, 0.7147552449179604]
      time_from_start: 0