joint_trajectory:
  joint_names: [panda_joint1, panda_joint2, panda_joint3, panda_joint4, panda_joint5, panda_joint6, panda_joint7]
  points:
    - positions: [0, -0.785, 0, -2.356, 0, 1.571, 0.785]
      time_from_start: 0
    - positions: [0.7005275858969485, 0.2338972189951617, -0.6444160188201331, -0.9714361857321351, 0.1022359349849829, 1.951257076094012, -0.7580062130988525]
      time_from_start: 0
    - positions: [0.248434781817156, 0.7413675879408783, -0.1295678456989212, -0.5839825118660019, -0.936926327107414, 2.682765219198719, -1.37373843630872]
      time_from_start: 0