joint_trajectory:
  joint_names: [panda_joint1, panda_joint2, panda_joint3, panda_joint4, panda_joint5, panda_joint6, panda_joint7]
  points:
    - positions: [0, -0.785, 0, -2.356, 0, 1.571, 0.785]
      time_from_start: 0
    - positions: [1.538285813808247, 0.1327806940783987, 0.7471672083999916, -1.672242183496728, -2.306450523518122, 2.741824063815026, 0.4336971672967359]
      time_from_start: 0
    - positions: [1.254706815942775, 0.1647058692659802, 0.3732504903747256, -1.916862714516825, -2.568603008738451, 2.530577278877955, 0.2243542123048728]
      time_from_start: 0