joint_trajectory:
  joint_names: [panda_joint1, panda_joint2, panda_joint3, panda_joint4, panda_joint5, panda_joint6, panda_joint7]
  points:
    - positions: [0, -0.785, 0, -2.356, 0, 1.571, 0.785]
      time_from_start: 0
    - positions: [2.138468448528354, -0.2499321569801166, -2.2826005018728, -1.347439813079148, -1.447708570870436, 3.439298603421578, -0.342397964264466]
      time_from_start: 0
    - positions: [2.888722757059714, -0.02197286882897376, -2.318314001225391, -1.409503564721972, -1.974634799742047, 3.494410373667344, -0.3625341174691699]
      time_from_start: 0