joint_trajectory:
  joint_names: [panda_joint1, panda_joint2, panda_joint3, panda_joint4, panda_joint5, panda_joint6, panda_joint7]
  points:
    - positions: [0, -0.785, 0, -2.356, 0, 1.571, 0.785]
      time_from_start: 0
    - positions: [-1.30442608814889, -1.453358701052653, 2.813337606868592, -0.8837270704457943, -1.903042058341169, 2.213296962774638, 0.6210301121995996]
      time_from_start: 0
    - positions: [-1.733771969079986, -1.574802875639443, 2.888390485716317, -1.243099423528206, -1.624166856449375, 2.150433830298993, 0.6822932557212908]
      time_from_start: 0
    - positions: [-2.059578403381877, -1.7628, 2.8973, -0.8730880141955879, -2.024531577374489, 2.020776967010256, 0.4642898954074972]
      time_from_start: 0