joint_trajectory:
  joint_names: [panda_joint1, panda_joint2, panda_joint3, panda_joint4, panda_joint5, panda_joint6, panda_joint7]
  points:
    - positions: [0, -0.785, 0, -2.356, 0, 1.571, 0.785]
      time_from_start: 0
    - positions: [-1.077431925878882, -1.623074962381197, 2.575273453765258, -1.722041768178324, -2.340362908008221, 1.486060042636149, 0.6233221352139663]
      time_from_start: 0
    - positions: [-2.059578403381877, -1.7628, 2.8973, -0.873088014195588, -2.024531577374489, 2.020776967010256, 0.4642898954074972]
      time_from_start: 0