joint_trajectory:
  joint_names: [panda_joint1, panda_joint2, panda_joint3, panda_joint4, panda_joint5, panda_joint6, panda_joint7]
  points:
    - positions: [0, -0.785, 0, -2.356, 0, 1.571, 0.785]
      time_from_start: 0
    - positions: [-0.2471117510123996, -0.3788326639055155, 0.8858453613465433, -1.703840595502452, 1.417727185074252, 2.920187690855765, 2.442238593935457]
      time_from_start: 0
    - positions: [-0.3876712599221188, -0.3187301916614013, 1.082438247725188, -1.689603956801703, 1.671158052482737, 2.944032762214679, 2.540634753946227]
      time_from_start: 0