joint_trajectory:
  joint_names: [panda_joint1, panda_joint2, panda_joint3, panda_joint4, panda_joint5, panda_joint6, panda_joint7]
  points:
    - positions: [0, -0.785, 0, -2.356, 0, 1.571, 0.785]
      time_from_start: 0
    - positions: [0.2576584798799553, -0.6420098608255398, 0.0005129877248370002, -1.81789139159288, 0.5818708651719537, 1.171913343238931, -0.3512237173003941]
      time_from_start: 0
    - positions: [0.4262802939204159, 0.729253918446838, -0.5275729179374635, -0.6861623417764092, -0.6687769312347775, 2.768376857549057, -1.377555094719311]
      time_from_start: 0