joint_trajectory:
  joint_names: [panda_joint1, panda_joint2, panda_joint3, panda_joint4, panda_joint5, panda_joint6, panda_joint7]
  points:
    - positions: [0, -0.785, 0, -2.356, 0, 1.571, 0.785]
      time_from_start: 0
    - positions: [0.2160760748179046, 0.06165956621738025, 0.6641858208022485, -2.069034129266859, -0.3025956401204623, 1.79120465956584, -0.5128136698267166]
      time_from_start: 0
    - positions: [-0.1120660937208055, 0.6276915831488424, 1.084907979056105, -2.04357373611796, -1.792145995887398, 1.921765047784647, -0.9243799878304889]
      time_from_start: 0
    - positions: [-0.1650689252846919, 1.217355560394222, 1.331877322488738, -1.933351009989068, -2.8973, 1.612875585831382, -0.4510990316117016]
      time_from_start: 0