joint_trajectory:
  joint_names: [panda_joint1, panda_joint2, panda_joint3, panda_joint4, panda_joint5, panda_joint6, panda_joint7]
  points:
    - positions: [0, -0.785, 0, -2.356, 0, 1.571, 0.785]
      time_from_start: 0
    - positions: [-1.37286751151329, -1.621873175133608, 2.511472717166555, -1.593028654053293, -0.2928719589213831, 1.151678989111983, 0.07302125041935856]
      time_from_start: 0
    - positions: [-1.714145097977909, -1.708216468656819, 2.726182437454824, -1.242887404392663, -1.142623657763345, 1.59419503391641, 0.21104656212796]
      time_from_start: 0
    - positions: [-2.059578403381877, -1.7628, 2.8973, -0.8730880141955879, -2.024531577374489, 2.020776967010256, 0.4642898954074972]
      time_from_start: 0