joint_trajectory:
  joint_names: [panda_joint1, panda_joint2, panda_joint3, panda_joint4, panda_joint5, panda_joint6, panda_joint7]
  points:
    - positions: [0, -0.785, 0, -2.356, 0, 1.571, 0.785]
      time_from_start: 0
    - positions: [-1.386553756297869, 0.9045498748717342, 1.628051670508579, -1.428853781672565, 2.61204593556282, 3.673182443142464, 0.9364151641995844]
      time_from_start: 0
    - positions: [-0.5458935385031447, 0.1887772150953218, 1.548659326597301, -1.244463765716955, 2.755709561602091, 3.461144790154515, 0.9676742033005292]
      time_from_start: 0