joint_trajectory:
  joint_names: [panda_joint1, panda_joint2, panda_joint3, panda_joint4, panda_joint5, panda_joint6, panda_joint7]
  points:
    - positions: [0, -0.785, 0, -2.356, 0, 1.571, 0.785]
      time_from_start: 0
    - positions: [-0.03310216161585446, 0.4462456335351089, 0.7286719546132114, -0.6807165857256725, -0.7701788869088781, 0.8290510010955461, 0.3529256317582909]
      time_from_start: 0
    - positions: [0.07379641485185531, 1.16251236821413, 2.095812890702804, -0.296226219623187, -2.880059818403348, 2.351106702896198, -1.602727909410493]
      time_from_start: 0