joint_trajectory:
  joint_names: [panda_joint1, panda_joint2, panda_joint3, panda_joint4, panda_joint5, panda_joint6, panda_joint7]
  points:
    - positions: [0, -0.785, 0, -2.356, 0, 1.571, 0.785]
      time_from_start: 0
    - positions: [-0.1529627685026347, 0.8940916545358334, 1.752492828336144, -2.38934485491295, -0.4250350289082472, 2.335225897906428, 0.1930811537275307]
      time_from_start: 0
    - positions: [-0.8741291179938485, 1.021556498668921, 2.372328683839684, -2.147418686497389, -1.396921799606875, 2.554464332313672, -1.03978619333849]
      time_from_start: 0
    - positions: [-0.5677217448079914, 1.054461608647916, 2.071806260856751, -1.708999882691629, -1.951303534185269, 2.537767109990873, -1.448340013865113]
      time_from_start: 0