joint_trajectory:
  joint_names: [panda_joint1, panda_joint2, panda_joint3, panda_joint4, panda_joint5, panda_joint6, panda_joint7]
  points:
    - positions: [0, -0.785, 0, -2.356, 0, 1.571, 0.785]
      time_from_start: 0
    - positions: [2.391569516104318, -1.104196408361618, 0.4483104093454284, -1.402644216329608, -2.375348732132529, 2.29615645838768, 0.01831925059948641]
      time_from_start: 0
    - positions: [2.8973, -1.087389413539497, -1.416164863239192, -0.7192742386762995, -2.503634697094932, 2.248140365445725, -1.388099086355169]
      time_from_start: 0