joint_trajectory:
  joint_names: [panda_joint1, panda_joint2, panda_joint3, panda_joint4, panda_joint5, panda_joint6, panda_joint7]
  points:
    - positions: [0, -0.785, 0, -2.356, 0, 1.571, 0.785]
      time_from_start: 0
    - positions: [-0.08018853917739394, -1.008234720370547, 0.7538817620837451, -2.236833932040162, -0.05390385641425736, 1.786501780594421, 0.3870088869799215]
      time_from_start: 0
    - positions: [-1.647073810391807, -1.706150406463458, 2.798915193190068, -1.123917135075841, -1.6003136553283, 2.079523893850984, 0.2387362839215552]
      time_from_start: 0
    - positions: [-2.059578403381877, -1.7628, 2.8973, -0.873088014195588, -2.024531577374489, 2.020776967010256, 0.4642898954074971]
      time_from_start: 0