joint_trajectory:
  joint_names: [panda_joint1, panda_joint2, panda_joint3, panda_joint4, panda_joint5, panda_joint6, panda_joint7]
  points:
    - positions: [0, -0.785, 0, -2.356, 0, 1.571, 0.785]
      time_from_start: 0
    - positions: [-0.1684234172844269, -0.01227169826779086, -1.122443407769158, -1.740170930960121, -1.401386264348284, 2.089691652451307, -0.3913525383091699]
      time_from_start: 0
    - positions: [1.058471467714958, 0.1509966291250686, 0.1678381509946336, -1.899022574445321, -2.482507901763754, 2.508394278839465, 0.1138112611207474]
      time_from_start: 0
    - positions: [1.254706815942775, 0.1647058692659806, 0.3732504903747254, -1.916862714516825, -2.56860300873845, 2.530577278877955, 0.2243542123048728]
      time_from_start: 0