joint_trajectory:
  joint_names: [panda_joint1, panda_joint2, panda_joint3, panda_joint4, panda_joint5, panda_joint6, panda_joint7]
  points:
    - positions: [0, -0.785, 0, -2.356, 0, 1.571, 0.785]
      time_from_start: 0
    - positions: [2.692491208217013, -1.317815614751167, 1.556008773443475, -0.7812776977060594, -0.7601938241852912, 2.072385954635684, -2.546506857553823]
      time_from_start: 0
    - positions: [-1.404906995823699, -1.488646479715607, 1.929003727136258, -1.409848923299765, 1.999564238021474, 3.545570356427373, -2.8973]
      time_from_start: 0