joint_trajectory:
  joint_names: [panda_joint1, panda_joint2, panda_joint3, panda_joint4, panda_joint5, panda_joint6, panda_joint7]
  points:
    - positions: [0, -0.785, 0, -2.356, 0, 1.571, 0.785]
      time_from_start: 0
    - positions: [2.821672899088943, -0.7818723465374133, -1.319612891674638, -0.7433387698035105, -2.435535249985273, 2.481470607938964, -1.13555199433841]
      time_from_start: 0
    - positions: [2.897081333417502, -1.037107365460365, -1.496537695134175, -0.706992144034481, -2.422353397444651, 2.275417958561738, -1.36759079070949]
      time_from_start: 0