joint_trajectory:
  joint_names: [panda_joint1, panda_joint2, panda_joint3, panda_joint4, panda_joint5, panda_joint6, panda_joint7]
  points:
    - positions: [0, -0.785, 0, -2.356, 0, 1.571, 0.785]
      time_from_start: 0
    - positions: [-1.458920627671292, -1.667471475200214, 2.614731468669913, -1.20487514941756, -1.444368492235468, 1.90351910868224, 0.01179757267210929]
      time_from_start: 0
    - positions: [-1.854342719100424, -1.734381899567865, 2.804439403655562, -0.9870619526985929, -1.825925584135302, 1.977529555686271, 0.3057276097477876]
      time_from_start: 0
    - positions: [-2.059578403381877, -1.7628, 2.8973, -0.873088014195588, -2.024531577374489, 2.020776967010256, 0.4642898954074968]
      time_from_start: 0