joint_trajectory:
  joint_names: [panda_joint1, panda_joint2, panda_joint3, panda_joint4, panda_joint5, panda_joint6, panda_joint7]
  points:
    - positions: [0, -0.785, 0, -2.356, 0, 1.571, 0.785]
      time_from_start: 0
    - positions: [-1.050811711555224, -1.022847189953746, 2.107572150145821, -2.082930884177309, 0.04970104337893927, 2.400460684118816, -0.2754636779580704]
      time_from_start: 0
    - positions: [-1.613864926623397, -1.434358975291402, 2.629567906472738, -1.522155286320098, -0.8889175875712769, 2.305451052621266, -0.03988722632677619]
      time_from_start: 0
    - positions: [-2.059578403381877, -1.7628, 2.8973, -0.873088014195588, -2.024531577374489, 2.020776967010256, 0.4642898954074971]
      time_from_start: 0