joint_trajectory:
  joint_names: [panda_joint1, panda_joint2, panda_joint3, panda_joint4, panda_joint5, panda_joint6, panda_joint7]
  points:
    - positions: [0, -0.785, 0, -2.356, 0, 1.571, 0.785]
      time_from_start: 0
    - positions: [-1.394369919966716, -1.62805878737679, 2.57175846584733, -1.368328235509813, -1.203902068094498, 1.568094119636368, -0.3926597580444158]
      time_from_start: 0
    - positions: [-1.894883380390765, -1.741646397591616, 2.827143995824318, -1.014530544485792, -1.789875620622514, 1.894028962217678, 0.2029701886982985]
      time_from_start: 0
    - positions: [-2.059578403381877, -1.7628, 2.8973, -0.873088014195588, -2.024531577374489, 2.020776967010256, 0.4642898954074968]
      time_from_start: 0