joint_trajectory:
  joint_names: [panda_joint1, panda_joint2, panda_joint3, panda_joint4, panda_joint5, panda_joint6, panda_joint7]
  points:
    - positions: [0, -0.785, 0, -2.356, 0, 1.571, 0.785]
      time_from_start: 0
    - positions: [-0.1799909154147046, -1.047084488392621, 2.665435154232402, -1.542440408616676, -1.019914826364724, 3.660080007396173, 1.129805410036258]
      time_from_start: 0
    - positions: [-1.827376980178086, -1.73381781668557, 2.779844791055355, -1.03158800115108, -1.85268586412941, 1.906904044984184, 0.2590518117315469]
      time_from_start: 0
    - positions: [-2.059578403381877, -1.7628, 2.8973, -0.8730880141955879, -2.024531577374489, 2.020776967010256, 0.4642898954074972]
      time_from_start: 0