joint_trajectory:
  joint_names: [panda_joint1, panda_joint2, panda_joint3, panda_joint4, panda_joint5, panda_joint6, panda_joint7]
  points:
    - positions: [0, -0.785, 0, -2.356, 0, 1.571, 0.785]
      time_from_start: 0
    - positions: [0.8810164567915152, 0.04395332873798845, 0.03334615547082603, -1.932034040540177, -2.165779211711343, 2.548886894104577, 0.1886660739750908]
      time_from_start: 0
    - positions: [1.254706815942775, 0.1647058692659802, 0.3732504903747257, -1.916862714516825, -2.568603008738451, 2.530577278877955, 0.2243542123048728]
      time_from_start: 0