joint_trajectory:
  joint_names: [panda_joint1, panda_joint2, panda_joint3, panda_joint4, panda_joint5, panda_joint6, panda_joint7]
  points:
    - positions: [0, -0.785, 0, -2.356, 0, 1.571, 0.785]
      time_from_start: 0
    - positions: [0.387796571264199, 0.2589807182248099, -0.1973435938986043, -2.023454719452011, -2.369388240697198, 2.505668885509558, 1.031597110733705]
      time_from_start: 0
    - positions: [1.254706815942775, 0.1647058692659806, 0.3732504903747255, -1.916862714516825, -2.568603008738451, 2.530577278877955, 0.2243542123048728]
      time_from_start: 0