joint_trajectory:
  joint_names: [panda_joint1, panda_joint2, panda_joint3, panda_joint4, panda_joint5, panda_joint6, panda_joint7]
  points:
    - positions: [0, -0.785, 0, -2.356, 0, 1.571, 0.785]
      time_from_start: 0
    - positions: [-1.88186308384023, -0.5930046641336897, 2.439658826733055, -2.557074264186589, -1.498703544175436, 2.128844622290914, 0.863425005398698]
      time_from_start: 0
    - positions: [-1.924511296390471, -0.7055402151942887, 2.417905475486177, -2.516165953382389, -1.666094136422464, 2.099836976343567, 0.972344958377217]
      time_from_start: 0
    - positions: [-2.060070421456226, -1.289131271618185, 2.26368408766793, -2.181886262761938, -2.728281568946879, 1.847705896048245, 1.608524237263485]
      time_from_start: 0