joint_trajectory:
  joint_names: [panda_joint1, panda_joint2, panda_joint3, panda_joint4, panda_joint5, panda_joint6, panda_joint7]
  points:
    - positions: [0, -0.785, 0, -2.356, 0, 1.571, 0.785]
      time_from_start: 0
    - positions: [0.5526611486265786, -0.7232940908929333, 0.1796064911468537, -2.493316793754208, -0.1051332128723967, 1.873510970381787, 0.9152076993215597]
      time_from_start: 0
    - positions: [1.366409247425532, 0.08257327003762617, 0.4135846424737354, -2.032358915213234, -2.317598534450588, 2.559844590149178, 0.3507259980455891]
      time_from_start: 0
    - positions: [1.254706815942775, 0.1647058692659804, 0.3732504903747256, -1.916862714516825, -2.56860300873845, 2.530577278877955, 0.2243542123048729]
      time_from_start: 0