joint_trajectory:
  joint_names: [panda_joint1, panda_joint2, panda_joint3, panda_joint4, panda_joint5, panda_joint6, panda_joint7]
  points:
    - positions: [0, -0.785, 0, -2.356, 0, 1.571, 0.785]
      time_from_start: 0
    - positions: [-1.680001454912142, -0.6240841377077795, -0.4830579669547986, -1.570179783514899, 1.552710601831188, 2.12622519228904, -1.144458850222143]
      time_from_start: 0
    - positions: [-2.880115640849958, -1.469435869732448, 0.003712579535729588, -0.6491211798176949, 2.495358725018332, 2.279235409252217, -1.903282264534205]
      time_from_start: 0