joint_trajectory:
  joint_names: [panda_joint1, panda_joint2, panda_joint3, panda_joint4, panda_joint5, panda_joint6, panda_joint7]
  points:
    - positions: [0, -0.785, 0, -2.356, 0, 1.571, 0.785]
      time_from_start: 0
    - positions: [-2.080603683949682, -1.513067996460016, -0.4311154626486506, -0.9959513131304896, -2.673753238863252, 2.283022587266541, -1.973310425194888]
      time_from_start: 0
    - positions: [-2.112574316438892, -1.566270881074624, -0.4423809784589541, -0.948316068346675, -2.897292346550591, 2.26712719528548, -2.067048262019958]
      time_from_start: 0