joint_trajectory:
  joint_names: [panda_joint1, panda_joint2, panda_joint3, panda_joint4, panda_joint5, panda_joint6, panda_joint7]
  points:
    - positions: [0, -0.785, 0, -2.356, 0, 1.571, 0.785]
      time_from_start: 0
    - positions: [-1.824308003550861, 1.495788830247894, -0.7888905950784681, -0.03118547442452968, 1.784501966254972, 3.70118934050668, 2.394700308863865]
      time_from_start: 0
    - positions: [-2.401249086868695, -1.310750673172586, 1.933126962134635, -0.5436004892112578, 2.803855034769283, 3.608091984342381, 2.246466183681824]
      time_from_start: 0