joint_trajectory:
  joint_names: [panda_joint1, panda_joint2, panda_joint3, panda_joint4, panda_joint5, panda_joint6, panda_joint7]
  points:
    - positions: [0, -0.785, 0, -2.356, 0, 1.571, 0.785]
      time_from_start: 0
    - positions: [-1.41929418611164, 0.4601793253756182, 0.8880851268631467, -1.137621691180982, -0.7035633488349186, 2.748221854787832, 2.173842963501052]
      time_from_start: 0
    - positions: [-1.315076556190348, 0.6729054071101529, 1.986584151695778, -1.109176750354574, 1.093387658450345, 3.533850188743954, 2.231494557428194]
      time_from_start: 0
    - positions: [-1.31058809475861, 0.1598986900836663, 2.323739726285289, -1.746603089142851, 0.9915368479968019, 3.289152197107909, 2.825541101737045]
      time_from_start: 0