joint_trajectory:
  joint_names: [panda_joint1, panda_joint2, panda_joint3, panda_joint4, panda_joint5, panda_joint6, panda_joint7]
  points:
    - positions: [0, -0.785, 0, -2.356, 0, 1.571, 0.785]
      time_from_start: 0
    - positions: [-2.319081883094999, 0.3884128215562433, -0.2417308392843081, -1.078705958967126, 1.156076346994143, 3.12023425183042, -0.2379215957192228]
      time_from_start: 0
    - positions: [-1.669723882038624, 0.2462543504619347, 1.92202923926849, -1.628012852816545, 0.9978264854689589, 3.282475651099194, 2.266698052035753]
      time_from_start: 0
    - positions: [-1.434225396816345, 0.1703831145694104, 2.434712993540671, -1.779241987112086, 0.9307468529682977, 3.28767646095176, 2.8973]
      time_from_start: 0