joint_trajectory:
  joint_names: [panda_joint1, panda_joint2, panda_joint3, panda_joint4, panda_joint5, panda_joint6, panda_joint7]
  points:
    - positions: [0, -0.785, 0, -2.356, 0, 1.571, 0.785]
      time_from_start: 0
    - positions: [0.1673253244491837, 0.3085105664824902, -0.6372125942768623, -1.964292544213568, -2.53477809274171, 1.902451026043708, 0.5460501444688745]
      time_from_start: 0
    - positions: [1.254706815942775, 0.1647058692659806, 0.3732504903747254, -1.916862714516825, -2.56860300873845, 2.530577278877955, 0.2243542123048728]
      time_from_start: 0