joint_trajectory:
  joint_names: [panda_joint1, panda_joint2, panda_joint3, panda_joint4, panda_joint5, panda_joint6, panda_joint7]
  points:
    - positions: [0, -0.785, 0, -2.356, 0, 1.571, 0.785]
      time_from_start: 0
    - positions: [1.467001371377862, -0.8346104850252472, 1.460679246588128, -2.14472297738116, 0.5077854778911746, 1.449984633256374, 0.3760989516952312]
      time_from_start: 0
    - positions: [1.254706815942775, 0.1647058692659804, 0.3732504903747256, -1.916862714516825, -2.56860300873845, 2.530577278877955, 0.2243542123048729]
      time_from_start: 0