joint_trajectory:
  joint_names: [panda_joint1, panda_joint2, panda_joint3, panda_joint4, panda_joint5, panda_joint6, panda_joint7]
  points:
    - positions: [0, -0.785, 0, -2.356, 0, 1.571, 0.785]
      time_from_start: 0
    - positions: [-0.7289377100236851, -1.168730388318929, 1.741677289690844, -2.189472349458448, -0.4814277670499275, 2.791400513424247, 2.132083418406031]
      time_from_start: 0
    - positions: [-1.4988367244151, -1.427087866601273, 2.492224360511452, -1.684495659169294, -1.018572635116147, 2.659268595627748, 1.738136299334966]
      time_from_start: 0
    - positions: [-2.059578403381877, -1.7628, 2.8973, -0.8730880141955879, -2.024531577374489, 2.020776967010256, 0.4642898954074973]
      time_from_start: 0