joint_trajectory:
  joint_names: [panda_joint1, panda_joint2, panda_joint3, panda_joint4, panda_joint5, panda_joint6, panda_joint7]
  points:
    - positions: [0, -0.785, 0, -2.356, 0, 1.571, 0.785]
      time_from_start: 0
    - positions: [1.680779462995897, -0.4938708188729711, 0.9228339647399599, -2.436258770702643, -2.64880885816451, 1.748555478232606, 0.2315165104567077]
      time_from_start: 0
    - positions: [1.254706815942775, 0.1647058692659805, 0.3732504903747258, -1.916862714516825, -2.56860300873845, 2.530577278877955, 0.224354212304873]
      time_from_start: 0