joint_trajectory:
  joint_names: [panda_joint1, panda_joint2, panda_joint3, panda_joint4, panda_joint5, panda_joint6, panda_joint7]
  points:
    - positions: [0, -0.785, 0, -2.356, 0, 1.571, 0.785]
      time_from_start: 0
    - positions: [-0.6502462065083661, 0.5307599602058534, -0.06618611878573585, -2.046673412902734, 1.924269280532918, 2.56439139355073, 1.451668910839594]
      time_from_start: 0
    - positions: [-0.7970302533181929, 0.9019000680089927, 0.5365896128197118, -1.739649932878001, 2.8973, 2.213908400612461, 0.5143530422500376]
      time_from_start: 0