joint_trajectory:
  joint_names: [panda_joint1, panda_joint2, panda_joint3, panda_joint4, panda_joint5, panda_joint6, panda_joint7]
  points:
    - positions: [0, -0.785, 0, -2.356, 0, 1.571, 0.785]
      time_from_start: 0
    - positions: [-0.1172879689360142, -1.604349334725433, 2.14604013945456, -1.888468378482921, -1.937986404505222, 2.671898325340972, 0.7269638241355574]
      time_from_start: 0
    - positions: [-2.056254973879466, -1.7628, 2.8973, -0.8840579436768254, -2.020071237170072, 2.017509038691711, 0.471818034451671]
      time_from_start: 0