joint_trajectory:
  joint_names: [panda_joint1, panda_joint2, panda_joint3, panda_joint4, panda_joint5, panda_joint6, panda_joint7]
  points:
    - positions: [0, -0.785, 0, -2.356, 0, 1.571, 0.785]
      time_from_start: 0
    - positions: [0.2481965652712854, -0.7869892618325565, -0.1308894845287394, -2.470996503051143, 0.2507476333781308, 1.840523712907594, 1.56399227710654]
      time_from_start: 0
    - positions: [-0.4712118389034342, -0.3456264026432995, 1.142329746819237, -1.674754157009301, 1.675254531260949, 2.916567509984423, 2.56781936823285]
      time_from_start: 0