joint_trajectory:
  joint_names: [panda_joint1, panda_joint2, panda_joint3, panda_joint4, panda_joint5, panda_joint6, panda_joint7]
  points:
    - positions: [0, -0.785, 0, -2.356, 0, 1.571, 0.785]
      time_from_start: 0
    - positions: [-1.956613450123057, -1.290352049980325, -0.4604440683435918, -0.9122610316443459, -2.439171460483017, 2.220742388566864, -1.198777049402578]
      time_from_start: 0
    - positions: [-2.112574316438892, -1.566270881074624, -0.4423809784589539, -0.9483160683466749, -2.897292346550591, 2.26712719528548, -2.067048262019958]
      time_from_start: 0