joint_trajectory:
  joint_names: [panda_joint1, panda_joint2, panda_joint3, panda_joint4, panda_joint5, panda_joint6, panda_joint7]
  points:
    - positions: [0, -0.785, 0, -2.356, 0, 1.571, 0.785]
      time_from_start: 0
    - positions: [-0.5484679826463532, -0.903152120283341, 2.458517774583991, -1.613206385490429, 0.160622012335391, 2.530655499358474, -0.6333589630154004]
      time_from_start: 0
    - positions: [-1.773110613384201, -1.545979256537027, 2.829303591695247, -1.174008639660169, -1.461679449720984, 2.203937825359219, 0.2400800075627143]
      time_from_start: 0
    - positions: [-2.059578403381877, -1.7628, 2.8973, -0.8730880141955877, -2.024531577374489, 2.020776967010256, 0.4642898954074969]
      time_from_start: 0