joint_trajectory:
  joint_names: [panda_joint1, panda_joint2, panda_joint3, panda_joint4, panda_joint5, panda_joint6, panda_joint7]
  points:
    - positions: [0, -0.785, 0, -2.356, 0, 1.571, 0.785]
      time_from_start: 0
    - positions: [-1.136937818581226, 0.6410005963766812, 1.400455803035837, -1.777677793730361, 0.5349395187425746, 2.496020257431806, 2.283102347686381]
      time_from_start: 0
    - positions: [-1.515297674378456, 0.4152550554216539, 2.126976042975935, -1.727584334225767, 0.8903055723437842, 2.878428201365536, 2.502041467066351]
      time_from_start: 0
    - positions: [-1.858422036524923, 0.1069792857827169, 2.824352411512701, -1.703207422216156, 1.238801262238782, 3.236250551321922, 2.659245394185334]
      time_from_start: 0