joint_trajectory:
  joint_names: [panda_joint1, panda_joint2, panda_joint3, panda_joint4, panda_joint5, panda_joint6, panda_joint7]
  points:
    - positions: [0, -0.785, 0, -2.356, 0, 1.571, 0.785]
      time_from_start: 0
    - positions: [-1.649535120197856, -1.701356877119157, 2.779037841694391, -1.167236078035498, -2.163531121294922, 1.942848169329608, 0.105488269656922]
      time_from_start: 0
    - positions: [-1.777105922888649, -1.727303973381331, 2.843982748030241, -1.081697883212234, -2.123540820657008, 1.971659775975093, 0.2089298818905521]
      time_from_start: 0
    - positions: [-2.059578403381877, -1.7628, 2.8973, -0.873088014195588, -2.024531577374489, 2.020776967010256, 0.4642898954074968]
      time_from_start: 0