joint_trajectory:
  joint_names: [panda_joint1, panda_joint2, panda_joint3, panda_joint4, panda_joint5, panda_joint6, panda_joint7]
  points:
    - positions: [0, -0.785, 0, -2.356, 0, 1.571, 0.785]
      time_from_start: 0
    - positions: [-1.266888918317624, -1.677040693836493, 2.573553796773355, -1.209206763474761, -1.099195951404713, 1.697961485305759, 0.6037527669688326]
      time_from_start: 0
    - positions: [-1.881879785624526, -1.747524808588479, 2.835481792710703, -0.9452472542482134, -1.815111111577414, 1.946375985025145, 0.4957713973054241]
      time_from_start: 0
    - positions: [-2.059578403381877, -1.7628, 2.8973, -0.8730880141955879, -2.024531577374489, 2.020776967010256, 0.4642898954074972]
      time_from_start: 0