joint_trajectory:
  joint_names: [panda_joint1, panda_joint2, panda_joint3, panda_joint4, panda_joint5, panda_joint6, panda_joint7]
  points:
    - positions: [0, -0.785, 0, -2.356, 0, 1.571, 0.785]
      time_from_start: 0
    - positions: [-0.4275434755516796, 0.5916356173314601, 1.256232738182902, -1.083488228848116, -1.923503859695049, 2.256169661302995, -0.3030425380773643]
      time_from_start: 0
    - positions: [-0.1539031326340355, 0.8855063362132117, 1.136873092141416, -0.6207477040623022, -2.00156502598078, 2.408324045871678, -1.295200499627841]
      time_from_start: 0