joint_trajectory:
  joint_names: [panda_joint1, panda_joint2, panda_joint3, panda_joint4, panda_joint5, panda_joint6, panda_joint7]
  points:
    - positions: [0, -0.785, 0, -2.356, 0, 1.571, 0.785]
      time_from_start: 0
    - positions: [-1.408637777275797, -1.503344727449805, 2.554057970940827, -1.281068434321014, -1.456573048179594, 2.201855168508352, -0.2785543327099552]
      time_from_start: 0
    - positions: [-1.843458535161735, -1.693308121578037, 2.820184574302074, -1.04180800816128, -1.862100165905155, 2.133090809186531, 0.1607132495069369]
      time_from_start: 0
    - positions: [-2.064565373979369, -1.762796406978446, 2.8973, -0.8643514132646838, -2.0324006687886, 2.032476730943917, 0.4599856334317132]
      time_from_start: 0