joint_trajectory:
  joint_names: [panda_joint1, panda_joint2, panda_joint3, panda_joint4, panda_joint5, panda_joint6, panda_joint7]
  points:
    - positions: [0, -0.785, 0, -2.356, 0, 1.571, 0.785]
      time_from_start: 0
    - positions: [-1.119125337224812, -0.9229782256936168, 1.631521642808961, -2.551336544058399, -1.955367567377404, 2.97444118383489, 1.280082771823375]
      time_from_start: 0
    - positions: [-2.605783425248313, -1.196428455705316, 2.200396743679266, -1.735611744945157, -2.897298526411649, 2.19522006785274, 1.52215461737019]
      time_from_start: 0