joint_trajectory:
  joint_names: [panda_joint1, panda_joint2, panda_joint3, panda_joint4, panda_joint5, panda_joint6, panda_joint7]
  points:
    - positions: [0, -0.785, 0, -2.356, 0, 1.571, 0.785]
      time_from_start: 0
    - positions: [1.462666847844512, 1.627759789898552, -2.535184345492645, -1.939870236360027, 2.383957840002103, 1.738515686280688, -2.51831457233047]
      time_from_start: 0
    - positions: [1.446250421306487, 1.760676917815724, -2.590606859754069, -1.860283756652706, 2.763949847253547, 1.734582882036234, -2.884326893608486]
      time_from_start: 0