joint_trajectory:
  joint_names: [panda_joint1, panda_joint2, panda_joint3, panda_joint4, panda_joint5, panda_joint6, panda_joint7]
  points:
    - positions: [0, -0.785, 0, -2.356, 0, 1.571, 0.785]
      time_from_start: 0
    - positions: [-1.609411786887572, -1.740217446775513, 2.714086914703303, -0.9369092099183242, -1.81285254695609, 2.17790952946947, 0.6599080111439257]
      time_from_start: 0
    - positions: [-1.848545804758, -1.752309501471823, 2.855526800934555, -1.032775794378022, -2.162454374351353, 2.09648985243179, 0.4660981661401521]
      time_from_start: 0
    - positions: [-2.059578403381877, -1.7628, 2.8973, -0.8730880141955877, -2.024531577374489, 2.020776967010256, 0.4642898954074969]
      time_from_start: 0