joint_trajectory:
  joint_names: [panda_joint1, panda_joint2, panda_joint3, panda_joint4, panda_joint5, panda_joint6, panda_joint7]
  points:
    - positions: [0, -0.785, 0, -2.356, 0, 1.571, 0.785]
      time_from_start: 0
    - positions: [0.8455924566701551, 0.3365208836139459, 0.4937330417735616, -2.066207249125318, -0.2829730041961772, 2.357629961549148, 1.189618123318904]
      time_from_start: 0
    - positions: [0.6988788045712606, 0.8766795223707153, -0.1617794304196955, -2.24066863445193, -1.658839065435191, 2.059358822044684, 1.49755298588658]
      time_from_start: 0
    - positions: [0.9534357393562212, 1.144833256021462, -0.7759420795181603, -2.214701221762671, -2.824458252685188, 1.764030157027239, 1.465088783200689]
      time_from_start: 0