joint_trajectory:
  joint_names: [panda_joint1, panda_joint2, panda_joint3, panda_joint4, panda_joint5, panda_joint6, panda_joint7]
  points:
    - positions: [0, -0.785, 0, -2.356, 0, 1.571, 0.785]
      time_from_start: 0
    - positions: [0.8474142295663133, -0.9216150528601167, -1.078101963521202, -2.51024407739159, -2.337459809993768, 2.633467399592337, 0.08961614528001816]
      time_from_start: 0
    - positions: [1.433111276921989, -0.6932002150404242, -1.212008351628342, -2.080131872824106, -2.742732657110767, 2.798232096215887, -0.2355211164237049]
      time_from_start: 0