joint_trajectory:
  joint_names: [panda_joint1, panda_joint2, panda_joint3, panda_joint4, panda_joint5, panda_joint6, panda_joint7]
  points:
    - positions: [0, -0.785, 0, -2.356, 0, 1.571, 0.785]
      time_from_start: 0
    - positions: [0.9564245086045798, -0.4147388142638654, -0.3671566166826122, -1.759781950536135, -0.8963786719434318, 1.713880729830371, -1.254537134135717]
      time_from_start: 0
    - positions: [0.4361418068027597, 0.767535147393937, -0.6004877589212518, -0.6443282730523099, -0.5100261529200427, 2.768864130469913, -1.468341907695661]
      time_from_start: 0