joint_trajectory:
  joint_names: [panda_joint1, panda_joint2, panda_joint3, panda_joint4, panda_joint5, panda_joint6, panda_joint7]
  points:
    - positions: [0, -0.785, 0, -2.356, 0, 1.571, 0.785]
      time_from_start: 0
    - positions: [-1.557654630948168, 0.2561601450805517, 1.199180852552285, -1.691942049278431, 0.6057308569004843, 2.789604588386577, -2.019496771964429]
      time_from_start: 0
    - positions: [-1.370436374930854, 0.1363233441716394, 2.134232737712248, -1.598593446065222, 0.2373195447910864, 3.014437627540009, -2.585292937666573]
      time_from_start: 0
    - positions: [-1.364248562849942, 0.2061369148967928, 2.266999777745552, -1.87628094436191, 0.1460936071848464, 3.315326889518598, -2.658553783782155]
      time_from_start: 0