joint_trajectory:
  joint_names: [panda_joint1, panda_joint2, panda_joint3, panda_joint4, panda_joint5, panda_joint6, panda_joint7]
  points:
    - positions: [0, -0.785, 0, -2.356, 0, 1.571, 0.785]
      time_from_start: 0
    - positions: [-0.4244453875965237, -0.07253542353210188, -0.8085342571953379, -2.452111634037725, 0.6084823223239226, 1.47643106924014, 0.6427433082090617]
      time_from_start: 0
    - positions: [-0.4434227549685887, 0.9232331926695302, 0.07740712540705974, -2.265108178640493, 2.671646656823466, 1.862226114093061, 0.5090657983909985]
      time_from_start: 0
    - positions: [-0.1894906897744458, 0.8080186437276906, 0.1434885261941748, -2.190520244385995, 2.8973, 1.737928800190492, 0.717794299786492]
      time_from_start: 0