joint_trajectory:
  joint_names: [panda_joint1, panda_joint2, panda_joint3, panda_joint4, panda_joint5, panda_joint6, panda_joint7]
  points:
    - positions: [0, -0.785, 0, -2.356, 0, 1.571, 0.785]
      time_from_start: 0
    - positions: [1.764108241101339, -1.048716494982748, 0.8804216022914462, -1.622013909496712, -2.581235962179452, 2.241987092145807, 0.1150258450794082]
      time_from_start: 0
    - positions: [1.254706815942775, 0.1647058692659802, 0.3732504903747256, -1.916862714516825, -2.568603008738451, 2.530577278877955, 0.2243542123048728]
      time_from_start: 0