joint_trajectory:
  joint_names: [panda_joint1, panda_joint2, panda_joint3, panda_joint4, panda_joint5, panda_joint6, panda_joint7]
  points:
    - positions: [0, -0.785, 0, -2.356, 0, 1.571, 0.785]
      time_from_start: 0
    - positions: [1.027758715293696, 0.1308367161044988, -1.802214220668526, -3.067492675971985, -0.2263112685842401, 3.45995818932075, -0.7631336054614539]
      time_from_start: 0
    - positions: [0.5550579713849898, 1.250548154435778, -0.9901305711699522, -1.698195103038748, -2.8973, 2.242638130983068, 1.575584953293687]
      time_from_start: 0