joint_trajectory:
  joint_names: [panda_joint1, panda_joint2, panda_joint3, panda_joint4, panda_joint5, panda_joint6, panda_joint7]
  points:
    - positions: [0, -0.785, 0, -2.356, 0, 1.571, 0.785]
      time_from_start: 0
    - positions: [1.019678061837508, -0.4804070072139139, 0.7138309162619459, -1.951859541464152, 0.2849174731661521, 1.79933125457192, 0.3841611571594605]
      time_from_start: 0
    - positions: [1.482204431279627, 0.08893621473251374, 0.6587897570953091, -1.812157339831285, -1.775237843520439, 2.411865336123946, 0.151778231553336]
      time_from_start: 0
    - positions: [1.254706815942775, 0.1647058692659805, 0.3732504903747255, -1.916862714516825, -2.56860300873845, 2.530577278877955, 0.2243542123048728]
      time_from_start: 0