joint_trajectory:
  joint_names: [panda_joint1, panda_joint2, panda_joint3, panda_joint4, panda_joint5, panda_joint6, panda_joint7]
  points:
    - positions: [0, -0.785, 0, -2.356, 0, 1.571, 0.785]
      time_from_start: 0
    - positions: [1.358794756412043, -1.076345517281063, 0.7819381846413493, -2.243720039612849, -0.9326153797307647, 0.8211546030591781, -0.9922550351457777]
      time_from_start: 0
    - positions: [2.897299959826, -1.061082253351497, -1.479314496433682, -0.7071914912457927, -2.436730473100873, 2.270708531157156, -1.387194047110977]
      time_from_start: 0