joint_trajectory:
  joint_names: [panda_joint1, panda_joint2, panda_joint3, panda_joint4, panda_joint5, panda_joint6, panda_joint7]
  points:
    - positions: [0, -0.785, 0, -2.356, 0, 1.571, 0.785]
      time_from_start: 0
    - positions: [-1.37664089954026, -1.69130924163416, 2.639494153980124, -1.190562687225129, -2.050147299578025, 2.044572837203002, 0.1977658128766758]
      time_from_start: 0
    - positions: [-2.063257054387904, -1.7628, 2.894611361483531, -0.895380189690587, -2.046631254739738, 2.020966098165595, 0.4957627393585576]
      time_from_start: 0