joint_trajectory:
  joint_names: [panda_joint1, panda_joint2, panda_joint3, panda_joint4, panda_joint5, panda_joint6, panda_joint7]
  points:
    - positions: [0, -0.785, 0, -2.356, 0, 1.571, 0.785]
      time_from_start: 0
    - positions: [-0.9531499716014146, 1.083735591045882, 2.301607927451765, -2.091682383344142, -0.441311880253756, 1.975198877605335, 1.852957198263987]
      time_from_start: 0
    - positions: [-1.454117439840209, 0.1586400837223399, 2.439234138547197, -1.766319176531133, 0.9228834864324357, 3.270183604337041, 2.8973]
      time_from_start: 0