joint_trajectory:
  joint_names: [panda_joint1, panda_joint2, panda_joint3, panda_joint4, panda_joint5, panda_joint6, panda_joint7]
  points:
    - positions: [0, -0.785, 0, -2.356, 0, 1.571, 0.785]
      time_from_start: 0
    - positions: [-0.6978533845924773, -1.540498321332783, 2.887773479589959, -2.132842339157523, -0.4155592295129784, 3.700121210180223, 0.5957202387581577]
      time_from_start: 0
    - positions: [-2.059578403381877, -1.7628, 2.8973, -0.8730880141955879, -2.024531577374489, 2.020776967010256, 0.4642898954074973]
      time_from_start: 0