joint_trajectory:
  joint_names: [panda_joint1, panda_joint2, panda_joint3, panda_joint4, panda_joint5, panda_joint6, panda_joint7]
  points:
    - positions: [0, -0.785, 0, -2.356, 0, 1.571, 0.785]
      time_from_start: 0
    - positions: [0.1468689270175378, 0.4503729498293551, -0.2069656964232667, -2.264357335145584, -1.782866569447905, 2.809329104442429, 1.017842197003759]
      time_from_start: 0
    - positions: [0.5665614299197799, 1.220246156617132, -0.9757863677831633, -1.738420372173176, -2.8973, 2.211271065076608, 1.55301196058558]
      time_from_start: 0