joint_trajectory:
  joint_names: [panda_joint1, panda_joint2, panda_joint3, panda_joint4, panda_joint5, panda_joint6, panda_joint7]
  points:
    - positions: [0, -0.785, 0, -2.356, 0, 1.571, 0.785]
      time_from_start: 0
    - positions: [-0.3610862671195134, -0.5446201935396114, -2.428587392680662, -2.293706934104366, -1.902111252299374, 2.129599522511348, 0.6055420816457624]
      time_from_start: 0
    - positions: [-2.458689398133501, -0.5267409325974761, -2.897299999558753, -1.816396826514037, -2.266876915067084, 2.07362800732897, 0.1132987289451432]
      time_from_start: 0