joint_trajectory:
  joint_names: [panda_joint1, panda_joint2, panda_joint3, panda_joint4, panda_joint5, panda_joint6, panda_joint7]
  points:
    - positions: [0, -0.785, 0, -2.356, 0, 1.571, 0.785]
      time_from_start: 0
    - positions: [-0.9325973326559274, -1.114886170132208, 1.96239589325618, -2.51485835632173, -2.145982324553553, 1.77999144901991, 0.1807318261199349]
      time_from_start: 0
    - positions: [-1.666175091963709, -1.510219936874801, 2.723134950195373, -1.640463678393454, -2.354532392682937, 1.937970832288145, 0.257904243670125]
      time_from_start: 0
    - positions: [-2.059578403381877, -1.7628, 2.8973, -0.8730880141955878, -2.024531577374489, 2.020776967010256, 0.464289895407497]
      time_from_start: 0