joint_trajectory:
  joint_names: [panda_joint1, panda_joint2, panda_joint3, panda_joint4, panda_joint5, panda_joint6, panda_joint7]
  points:
    - positions: [0, -0.785, 0, -2.356, 0, 1.571, 0.785]
      time_from_start: 0
    - positions: [1.838088654860668, -0.6689256035294384, 1.218321482170094, -0.9607665046648122, 1.800181722794194, 3.442300313196611, 2.230459544007713]
      time_from_start: 0
    - positions: [-2.407162895481846, -1.292268462988865, 2.026093736293403, -0.5295814996593956, 2.600402854405895, 3.601835184502838, 2.364508334413025]
      time_from_start: 0