joint_trajectory:
  joint_names: [panda_joint1, panda_joint2, panda_joint3, panda_joint4, panda_joint5, panda_joint6, panda_joint7]
  points:
    - positions: [0, -0.785, 0, -2.356, 0, 1.571, 0.785]
      time_from_start: 0
    - positions: [-0.07114743231449902, -0.182386400974581, -0.2201920224134346, -1.594755287427518, -1.117509435611095, 1.207246157651689, -0.6719854211807816]
      time_from_start: 0
    - positions: [-2.112574316438892, -1.566270881074624, -0.4423809784589538, -0.9483160683466749, -2.89729234655059, 2.26712719528548, -2.067048262019958]
      time_from_start: 0