joint_trajectory:
  joint_names: [panda_joint1, panda_joint2, panda_joint3, panda_joint4, panda_joint5, panda_joint6, panda_joint7]
  points:
    - positions: [0, -0.785, 0, -2.356, 0, 1.571, 0.785]
      time_from_start: 0
    - positions: [0.4967231806356401, -0.359371230078987, 0.3257633410169305, -1.71422134074747, -1.034431338290959, 1.93505712239471, -0.8883621594672788]
      time_from_start: 0
    - positions: [0.4119952887095291, 0.6924528110493597, -0.4789500889522321, -0.7262853301326009, -0.7029519472320631, 2.771321123216392, -1.37228903399713]
      time_from_start: 0