joint_trajectory:
  joint_names: [panda_joint1, panda_joint2, panda_joint3, panda_joint4, panda_joint5, panda_joint6, panda_joint7]
  points:
    - positions: [0, -0.785, 0, -2.356, 0, 1.571, 0.785]
      time_from_start: 0
    - positions: [-2.005537894754947, -1.406591118500064, -0.4633302846515317, -0.9644006970648391, -2.586116696352859, 2.290971878442704, -1.866736214544161]
      time_from_start: 0
    - positions: [-2.112574316438892, -1.566270881074624, -0.4423809784589538, -0.948316068346675, -2.897292346550591, 2.26712719528548, -2.067048262019958]
      time_from_start: 0