joint_trajectory:
  joint_names: [panda_joint1, panda_joint2, panda_joint3, panda_joint4, panda_joint5, panda_joint6, panda_joint7]
  points:
    - positions: [0, -0.785, 0, -2.356, 0, 1.571, 0.785]
      time_from_start: 0
    - positions: [0.8458751207921889, -0.9072719126991035, -0.09057399125947169, -1.472631102414739, -1.021762011264223, 2.333787754663272, -1.084132168700578]
      time_from_start: 0
    - positions: [2.051177425588232, -0.2820249153629412, -1.254931995411386, -1.71231493186746, -1.277917851043214, 3.216113201314192, -1.354344521490207]
      time_from_start: 0