joint_trajectory:
  joint_names: [panda_joint1, panda_joint2, panda_joint3, panda_joint4, panda_joint5, panda_joint6, panda_joint7]
  points:
    - positions: [0, -0.785, 0, -2.356, 0, 1.571, 0.785]
      time_from_start: 0
    - positions: [-1.143758609395832, -0.8227203757145318, 0.5254544440872384, -2.528294409649289, 1.543303799303267, 3.135072125402822, 2.068024371218047]
      time_from_start: 0
    - positions: [0.1828768393431144, -0.2023304158843197, -0.09721948039509042, -2.05639206878944, 2.897264683893439, 2.851851844609106, 0.9990625473560786]
      time_from_start: 0