joint_trajectory:
  joint_names: [panda_joint1, panda_joint2, panda_joint3, panda_joint4, panda_joint5, panda_joint6, panda_joint7]
  points:
    - positions: [0, -0.785, 0, -2.356, 0, 1.571, 0.785]
      time_from_start: 0
    - positions: [1.522921645917876, 0.990725961217941, -2.157719839955836, -1.861563560961693, 2.027849236857308, 2.054995753205262, 2.678679252680221]
      time_from_start: 0
    - positions: [2.07649125274771, 1.134136608322258, -2.15616294828863, -1.778486106712835, 2.216127493333222, 2.217742307719214, 2.878616402972628]
      time_from_start: 0