joint_trajectory:
  joint_names: [panda_joint1, panda_joint2, panda_joint3, panda_joint4, panda_joint5, panda_joint6, panda_joint7]
  points:
    - positions: [0, -0.785, 0, -2.356, 0, 1.571, 0.785]
      time_from_start: 0
    - positions: [-0.8752270904140547, 0.04087703948300336, 0.5951604167728219, -2.984272037256975, 1.808256004199991, 1.186144971232861, -2.128114546254091]
      time_from_start: 0
    - positions: [1.719793798801046, -1.412493060380636, -1.199681574270096, -2.184970037551565, -2.560528784245254, 2.435905713393274, -1.088950584267487]
      time_from_start: 0