joint_trajectory:
  joint_names: [panda_joint1, panda_joint2, panda_joint3, panda_joint4, panda_joint5, panda_joint6, panda_joint7]
  points:
    - positions: [0, -0.785, 0, -2.356, 0, 1.571, 0.785]
      time_from_start: 0
    - positions: [-1.660260233398434, -0.2560079822374508, -0.3700526898118666, -2.075110145111755, -1.936954461936606, 3.19339384263847, 1.726351844971068]
      time_from_start: 0
    - positions: [1.254706815942775, 0.1647058692659807, 0.3732504903747257, -1.916862714516825, -2.568603008738451, 2.530577278877955, 0.2243542123048727]
      time_from_start: 0