joint_trajectory:
  joint_names: [panda_joint1, panda_joint2, panda_joint3, panda_joint4, panda_joint5, panda_joint6, panda_joint7]
  points:
    - positions: [0, -0.785, 0, -2.356, 0, 1.571, 0.785]
      time_from_start: 0
    - positions: [-1.232928421653089, -1.695021246356943, 2.669075816791751, -1.183046127270081, -1.044534409112059, 1.827898515727607, 0.4095841367106978]
      time_from_start: 0
    - positions: [-2.061643490691871, -1.7628, 2.897298595011849, -0.8813105902297257, -2.020435867119166, 2.021271422062735, 0.469087787864146]
      time_from_start: 0