joint_trajectory:
  joint_names: [panda_joint1, panda_joint2, panda_joint3, panda_joint4, panda_joint5, panda_joint6, panda_joint7]
  points:
    - positions: [0, -0.785, 0, -2.356, 0, 1.571, 0.785]
      time_from_start: 0
    - positions: [-2.43181200124016, 1.230088189761154, -2.056598343682755, -2.593464219656982, -0.9254457497188355, 3.224404157148674, 2.44364556712755]
      time_from_start: 0
    - positions: [-1.437831232141719, 0.1456640325784361, 2.451698839439366, -1.727879421717526, 1.135064287988215, 3.278957128344126, 2.700274031729622]
      time_from_start: 0