joint_trajectory:
  joint_names: [panda_joint1, panda_joint2, panda_joint3, panda_joint4, panda_joint5, panda_joint6, panda_joint7]
  points:
    - positions: [0, -0.785, 0, -2.356, 0, 1.571, 0.785]
      time_from_start: 0
    - positions: [2.796728848721506, -1.461945103571378, 2.173485480489442, -2.184221138337511, 2.093665675663529, 1.876929930231999, -1.925137251921324]
      time_from_start: 0
    - positions: [-2.059125917208855, -1.7628, 2.8973, -0.8759901026108105, -2.018671633841082, 2.0169273222065, 0.4657390061459307]
      time_from_start: 0