joint_trajectory:
  joint_names: [panda_joint1, panda_joint2, panda_joint3, panda_joint4, panda_joint5, panda_joint6, panda_joint7]
  points:
    - positions: [0, -0.785, 0, -2.356, 0, 1.571, 0.785]
      time_from_start: 0
    - positions: [-1.824746546826108, 0.2676445474113331, -0.04679832047988627, -2.492533320233044, 1.63346261641624, 3.111339355951385, 0.6046133707703341]
      time_from_start: 0
    - positions: [-2.771742266469761, 0.2281419383327488, 2.408881531438702, -2.132061892191127, 2.745950523112393, 2.927889915191282, 1.091788440729746]
      time_from_start: 0
    - positions: [-2.814214064642176, 0.2007362981282774, 2.894574679485589, -2.050889504171979, 2.8973, 2.852738463046953, 0.9703495652766481]
      time_from_start: 0