joint_trajectory:
  joint_names: [panda_joint1, panda_joint2, panda_joint3, panda_joint4, panda_joint5, panda_joint6, panda_joint7]
  points:
    - positions: [0, -0.785, 0, -2.356, 0, 1.571, 0.785]
      time_from_start: 0
    - positions: [-0.4824800339973193, -1.220433610248804, 1.442462499727826, -1.943793012699831, 0.2304901164582724, 2.101186864298738, 0.3067734985367097]
      time_from_start: 0
    - positions: [-1.382682341371882, -1.588328209271288, 2.488684090462875, -1.314323060442382, -0.8575278204504091, 2.175328924345244, 0.2827822800722524]
      time_from_start: 0
    - positions: [-2.059578403381877, -1.7628, 2.8973, -0.8730880141955879, -2.024531577374489, 2.020776967010256, 0.464289895407497]
      time_from_start: 0