joint_trajectory:
  joint_names: [panda_joint1, panda_joint2, panda_joint3, panda_joint4, panda_joint5, panda_joint6, panda_joint7]
  points:
    - positions: [0, -0.785, 0, -2.356, 0, 1.571, 0.785]
      time_from_start: 0
    - positions: [0.07171252340965402, 0.6859453618578371, 0.5385074404630562, -2.372025508550362, -1.688276187813411, 1.355667644855058, 1.170651572362397]
      time_from_start: 0
    - positions: [0.3955007974553749, 0.9731650422198352, 0.06757114488136601, -2.332789128311758, -2.260780485824729, 1.472090216317809, 1.326091580612956]
      time_from_start: 0
    - positions: [0.8345850227303465, 1.060226464348779, -0.70337039826395, -2.211327346154694, -2.897299993360738, 1.720669303649147, 1.370518266604137]
      time_from_start: 0