joint_trajectory:
  joint_names: [panda_joint1, panda_joint2, panda_joint3, panda_joint4, panda_joint5, panda_joint6, panda_joint7]
  points:
    - positions: [0, -0.785, 0, -2.356, 0, 1.571, 0.785]
      time_from_start: 0
    - positions: [1.41180657071931, -0.4128088207213784, -0.5921923600062197, -1.721057587854608, 0.345983330052159, 2.813330529156701, -2.412093978463882]
      time_from_start: 0
    - positions: [1.840588443108854, -0.1944502511477183, -0.8894570814138131, -1.854473266876104, 0.3834697333706173, 3.325579041562598, -2.891956232209318]
      time_from_start: 0