joint_trajectory:
  joint_names: [panda_joint1, panda_joint2, panda_joint3, panda_joint4, panda_joint5, panda_joint6, panda_joint7]
  points:
    - positions: [0, -0.785, 0, -2.356, 0, 1.571, 0.785]
      time_from_start: 0
    - positions: [1.446948957991438, -0.05065418077374302, 1.00151863391554, -2.083170821150476, -2.077428538104289, 2.058627739623319, 0.5316255520844454]
      time_from_start: 0
    - positions: [1.254706815942775, 0.1647058692659805, 0.3732504903747258, -1.916862714516825, -2.56860300873845, 2.530577278877955, 0.224354212304873]
      time_from_start: 0