joint_trajectory:
  joint_names: [panda_joint1, panda_joint2, panda_joint3, panda_joint4, panda_joint5, panda_joint6, panda_joint7]
  points:
    - positions: [0, -0.785, 0, -2.356, 0, 1.571, 0.785]
      time_from_start: 0
    - positions: [2.388399406725981, -0.09645312861031158, -1.911059106186659, -1.387284730230111, -1.982886722312619, 3.442880228150043, -0.2785052839011409]
      time_from_start: 0
    - positions: [2.482502497072881, -0.04458348023654139, -1.893476759442285, -1.412911560654882, -1.998582807583924, 3.473129431092978, -0.372205640907357]
      time_from_start: 0