joint_trajectory:
  joint_names: [panda_joint1, panda_joint2, panda_joint3, panda_joint4, panda_joint5, panda_joint6, panda_joint7]
  points:
    - positions: [0, -0.785, 0, -2.356, 0, 1.571, 0.785]
      time_from_start: 0
    - positions: [1.359803289156303, 0.5294536409829663, -1.988373626375017, -2.581095431129406, 2.352162409759994, 1.616737887422661, 2.576752649197348]
      time_from_start: 0
    - positions: [1.382207151558204, 1.165780136160363, -2.037746440922573, -2.434337643097312, 2.554456068360712, 1.824888969236113, 2.761705763576534]
      time_from_start: 0
    - positions: [1.399680675747826, 1.749441448087042, -2.040861942545559, -2.299227688482814, 2.693491191876224, 2.025409891614232, 2.897299988794783]
      time_from_start: 0