joint_trajectory:
  joint_names: [panda_joint1, panda_joint2, panda_joint3, panda_joint4, panda_joint5, panda_joint6, panda_joint7]
  points:
    - positions: [0, -0.785, 0, -2.356, 0, 1.571, 0.785]
      time_from_start: 0
    - positions: [1.661346232560206, 0.008252378493396592, -0.1775144543560175, -1.846365381526248, -1.787958883403855, 1.98502840916645, -1.072666866911635]
      time_from_start: 0
    - positions: [2.8973, -0.9564781019564272, -1.70852673833934, -0.70646439399019, -2.253348650807805, 2.327157626564118, -1.307464929362826]
      time_from_start: 0