joint_trajectory:
  joint_names: [panda_joint1, panda_joint2, panda_joint3, panda_joint4, panda_joint5, panda_joint6, panda_joint7]
  points:
    - positions: [0, -0.785, 0, -2.356, 0, 1.571, 0.785]
      time_from_start: 0
    - positions: [-1.850066257113793, -0.8180161486014553, 0.4459014239637644, -1.238209003258367, 1.798742900264417, 1.733231302638565, -0.9982067221283577]
      time_from_start: 0
    - positions: [-2.724430679788588, -1.287206703520254, 0.645000915489502, -0.4203003874646663, 1.816391344715267, 2.458117484298625, -1.910057341682061]
      time_from_start: 0