joint_trajectory:
  joint_names: [panda_joint1, panda_joint2, panda_joint3, panda_joint4, panda_joint5, panda_joint6, panda_joint7]
  points:
    - positions: [0, -0.785, 0, -2.356, 0, 1.571, 0.785]
      time_from_start: 0
    - positions: [0.06324292348869734, -0.7643650674266127, -0.005388982580569788, -2.240764280778576, 0.04625581650525189, 1.678575577840535, 0.6709719226967741]
      time_from_start: 0
    - positions: [0.4875079293873357, 0.4182787160436606, -0.4273029014999247, -0.7722150890613926, -0.2913347970628127, 2.739126598504835, -1.174123861331286]
      time_from_start: 0
    - positions: [0.4242889205198771, 0.7661833440815442, -0.5580618749750815, -0.6419496049322408, -0.566233887464743, 2.751191879069363, -1.441349328072259]
      time_from_start: 0