joint_trajectory:
  joint_names: [panda_joint1, panda_joint2, panda_joint3, panda_joint4, panda_joint5, panda_joint6, panda_joint7]
  points:
    - positions: [0, -0.785, 0, -2.356, 0, 1.571, 0.785]
      time_from_start: 0
    - positions: [-0.7784868644754087, 0.615063432456422, -0.1247882351367822, -0.9187507586571663, -1.681872565429307, 2.159528225778421, 1.281551823870358]
      time_from_start: 0
    - positions: [-1.231162935266531, -0.03601929095640148, 1.769045227656962, -1.420472014826315, -1.923979794956617, 3.513579099462675, -0.3618075008934018]
      time_from_start: 0