joint_trajectory:
  joint_names: [panda_joint1, panda_joint2, panda_joint3, panda_joint4, panda_joint5, panda_joint6, panda_joint7]
  points:
    - positions: [0, -0.785, 0, -2.356, 0, 1.571, 0.785]
      time_from_start: 0
    - positions: [0.4182161058088265, -0.7551391708064905, 0.6417016775822413, -2.389727011835699, 0.1243537007341879, 2.020944977156546, 0.7916951644147436]
      time_from_start: 0
    - positions: [1.235751335738707, -0.04334324298011762, 0.7171141360622422, -2.045179354173692, -1.867322318237971, 2.603981838647992, 0.3636068100350237]
      time_from_start: 0
    - positions: [1.254706815942775, 0.1647058692659805, 0.3732504903747255, -1.916862714516825, -2.56860300873845, 2.530577278877955, 0.2243542123048728]
      time_from_start: 0