joint_trajectory:
  joint_names: [panda_joint1, panda_joint2, panda_joint3, panda_joint4, panda_joint5, panda_joint6, panda_joint7]
  points:
    - positions: [0, -0.785, 0, -2.356, 0, 1.571, 0.785]
      time_from_start: 0
    - positions: [0.01187622212911291, -1.347150211376557, -1.659574536370326, -1.990095868465975, 2.329919434188455, 2.195206063580194, 1.147634537815242]
      time_from_start: 0
    - positions: [1.914967272037577, -1.319325546343055, -2.07545011631771, -1.686197131689314, 2.683561602232773, 2.408369540056284, 0.0532831809604856]
      time_from_start: 0