joint_trajectory:
  joint_names: [panda_joint1, panda_joint2, panda_joint3, panda_joint4, panda_joint5, panda_joint6, panda_joint7]
  points:
    - positions: [0, -0.785, 0, -2.356, 0, 1.571, 0.785]
      time_from_start: 0
    - positions: [2.339811293395883, -0.7528423049105122, -1.1037985376505, -0.8752606395744068, -0.3107269958724894, 1.376046612623733, -0.3078508440382692]
      time_from_start: 0
    - positions: [2.8973, -1.028464821983518, -1.497909363062514, -0.6962823118696442, -2.438298864863474, 2.274411140868386, -1.365468871383078]
      time_from_start: 0