joint_trajectory:
  joint_names: [panda_joint1, panda_joint2, panda_joint3, panda_joint4, panda_joint5, panda_joint6, panda_joint7]
  points:
    - positions: [0, -0.785, 0, -2.356, 0, 1.571, 0.785]
      time_from_start: 0
    - positions: [-1.111184331405139, 0.04778011789379502, -0.7233398282266762, -2.39932636876474, 0.405691181624534, 2.185072331741689, 1.660450858059745]
      time_from_start: 0
    - positions: [1.899581604185843, 0.3273114769899863, -2.633385026812345, -2.299611096890635, 2.811621196283062, 3.03658389674334, 1.399885603343489]
      time_from_start: 0
    - positions: [2.5999214071393, 0.2183530998036866, -2.554919646126072, -2.069215585770932, 2.77494144180219, 2.795987962635106, 1.244196495700771]
      time_from_start: 0