joint_trajectory:
  joint_names: [panda_joint1, panda_joint2, panda_joint3, panda_joint4, panda_joint5, panda_joint6, panda_joint7]
  points:
    - positions: [0, -0.785, 0, -2.356, 0, 1.571, 0.785]
      time_from_start: 0
    - positions: [1.047369430581817, 0.3433163247028478, 0.8619701692464488, -1.743991375970043, 0.4301855638475665, 1.716345646617949, 0.6144489469796487]
      time_from_start: 0
    - positions: [1.076574634191142, 1.698062738652681, 0.2492921209300867, -1.070126288081919, -2.0733120647888, 1.790867023063228, 0.5256772579337008]
      time_from_start: 0
    - positions: [0.9047452885841208, 1.7628, 0.03107760495469919, -0.8779473184431551, -2.338462600558792, 1.911219384629844, 0.4126982977040285]
      time_from_start: 0