joint_trajectory:
  joint_names: [panda_joint1, panda_joint2, panda_joint3, panda_joint4, panda_joint5, panda_joint6, panda_joint7]
  points:
    - positions: [0, -0.785, 0, -2.356, 0, 1.571, 0.785]
      time_from_start: 0
    - positions: [1.452643453333797, -0.2765930685031965, -0.411235703884006, -1.879265607938862, 0.2626107100572438, 3.336436912049263, -2.44903712553057]
      time_from_start: 0
    - positions: [1.651871859255625, -0.1922341316484463, -0.7327303226089608, -1.886458123210429, 0.2836801404214307, 3.322591234292859, -2.759755841396123]
      time_from_start: 0