joint_trajectory:
  joint_names: [panda_joint1, panda_joint2, panda_joint3, panda_joint4, panda_joint5, panda_joint6, panda_joint7]
  points:
    - positions: [0, -0.785, 0, -2.356, 0, 1.571, 0.785]
      time_from_start: 0
    - positions: [-0.0658735244070015, 0.02593568896671767, -0.05043936782235701, -1.976537206965658, -1.523612426926575, 2.265459062908897, 0.1937554522255124]
      time_from_start: 0
    - positions: [1.254706815942775, 0.1647058692659804, 0.3732504903747256, -1.916862714516825, -2.56860300873845, 2.530577278877955, 0.2243542123048729]
      time_from_start: 0