joint_trajectory:
  joint_names: [panda_joint1, panda_joint2, panda_joint3, panda_joint4, panda_joint5, panda_joint6, panda_joint7]
  points:
    - positions: [0, -0.785, 0, -2.356, 0, 1.571, 0.785]
      time_from_start: 0
    - positions: [-1.349865750357092, -0.9848396397571961, 1.489024795404253, -2.22046660636074, -0.3957827856282083, 2.654732248987139, 0.9862442704928688]
      time_from_start: 0
    - positions: [-2.187183476818623, -1.146835126018896, 2.07357346247282, -1.942501453179615, -1.664983101137083, 2.649127404291772, 1.296886655627283]
      time_from_start: 0
    - positions: [-2.598369405996457, -1.249016122820671, 2.1588916699471, -1.690643402486981, -2.897298932071628, 2.243097418302801, 1.559982728982898]
      time_from_start: 0