joint_trajectory:
  joint_names: [panda_joint1, panda_joint2, panda_joint3, panda_joint4, panda_joint5, panda_joint6, panda_joint7]
  points:
    - positions: [0, -0.785, 0, -2.356, 0, 1.571, 0.785]
      time_from_start: 0
    - positions: [-2.086043572127586, -0.7583502570742742, 1.655499638459878, -0.4498041383498346, -1.582451909423107, 1.477127779803704, -2.302625504948991]
      time_from_start: 0
    - positions: [-2.416899238406899, -1.366523740082992, 1.844567183464622, -0.4892212967668265, 2.890611411976995, 3.598781426203218, 2.270089627193133]
      time_from_start: 0