joint_trajectory:
  joint_names: [panda_joint1, panda_joint2, panda_joint3, panda_joint4, panda_joint5, panda_joint6, panda_joint7]
  points:
    - positions: [0, -0.785, 0, -2.356, 0, 1.571, 0.785]
      time_from_start: 0
    - positions: [1.480773991190558, 0.9474265623881766, -1.99729633913787, -1.937008965081152, 1.866358071902471, 2.342722733537865, 2.755319904904872]
      time_from_start: 0
    - positions: [2.038485666791251, 1.134723298566845, -2.149812389513988, -1.795805847676921, 2.184260606945718, 2.227440366109888, 2.878755709659775]
      time_from_start: 0
    - positions: [2.07623931625956, 1.146605793116252, -2.159110134434854, -1.786275688155589, 2.205121536082017, 2.218941553362528, 2.886052512854185]
      time_from_start: 0