joint_trajectory:
  joint_names: [panda_joint1, panda_joint2, panda_joint3, panda_joint4, panda_joint5, panda_joint6, panda_joint7]
  points:
    - positions: [0, -0.785, 0, -2.356, 0, 1.571, 0.785]
      time_from_start: 0
    - positions: [1.258318969333118, -0.1846947120258379, 1.023960345396121, -2.275679400021211, -1.045807337594943, 2.021858913036037, -0.2625177162595022]
      time_from_start: 0
    - positions: [1.254706815942775, 0.1647058692659802, 0.3732504903747257, -1.916862714516825, -2.568603008738451, 2.530577278877955, 0.2243542123048728]
      time_from_start: 0