joint_trajectory:
  joint_names: [panda_joint1, panda_joint2, panda_joint3, panda_joint4, panda_joint5, panda_joint6, panda_joint7]
  points:
    - positions: [0, -0.785, 0, -2.356, 0, 1.571, 0.785]
      time_from_start: 0
    - positions: [0.6522588254001436, -0.9763833144955968, -1.7695004205158, -1.97282782865941, 1.297256844382823, 2.517425171209262, 0.5108163060923127]
      time_from_start: 0
    - positions: [2.428822742902011, -0.877365128643243, -2.703647245597519, -1.734177347469503, 2.8973, 2.205727939506493, 0.5990264855145834]
      time_from_start: 0