joint_trajectory:
  joint_names: [panda_joint1, panda_joint2, panda_joint3, panda_joint4, panda_joint5, panda_joint6, panda_joint7]
  points:
    - positions: [0, -0.785, 0, -2.356, 0, 1.571, 0.785]
      time_from_start: 0
    - positions: [1.111191718220387, 0.5340908491238952, -1.888541369400363, -2.281447782331333, -2.892789084025086, 0.8593066098913551, -2.454009553251462]
      time_from_start: 0
    - positions: [2.636085786145925, 0.08666894069463016, 1.795976782284351, -0.6655374276292512, -0.4005138563112354, 0.9131435388489627, -0.4909038704829758]
      time_from_start: 0
    - positions: [-1.823403691953734, 0.5106430652841147, 1.998029589229812, -2.06326795550124, -2.8973, 2.829130449479144, 0.0936098185465991]
      time_from_start: 0