joint_trajectory:
  joint_names: [panda_joint1, panda_joint2, panda_joint3, panda_joint4, panda_joint5, panda_joint6, panda_joint7]
  points:
    - positions: [0, -0.785, 0, -2.356, 0, 1.571, 0.785]
      time_from_start: 0
    - positions: [0.8639012941279922, 0.2904600401795199, -0.8997573999624358, -0.872815387197075, 0.1871942239749114, 2.485539014315034, -1.4480634952403]
      time_from_start: 0
    - positions: [0.7014884623217048, 0.797618692617867, -1.090907054577768, -0.8410031930112527, 0.06286610887596461, 2.852908754124657, -1.681734633001053]
      time_from_start: 0
    - positions: [0.6912890300449092, 0.8278321407425637, -1.102080245039719, -0.8397217969252334, 0.0552639312891211, 2.874735673772077, -1.694902039241141]
      time_from_start: 0