joint_trajectory:
  joint_names: [panda_joint1, panda_joint2, panda_joint3, panda_joint4, panda_joint5, panda_joint6, panda_joint7]
  points:
    - positions: [0, -0.785, 0, -2.356, 0, 1.571, 0.785]
      time_from_start: 0
    - positions: [-1.223461887059403, -0.362338206681168, 0.3593360282890574, -2.62158240732099, 1.036899837017876, 1.130035490467022, 1.076311513025289]
      time_from_start: 0
    - positions: [-0.5660326922035881, 0.7023549967262273, -0.1565535399445891, -2.312335875759276, 2.497401054611945, 1.728765900567795, 0.6855305298173164]
      time_from_start: 0
    - positions: [-0.2357819118592326, 0.8198157593312894, 0.1786681518153875, -2.196568133292925, 2.883729205363156, 1.729069140745931, 0.6959720521289755]
      time_from_start: 0