joint_trajectory:
  joint_names: [panda_joint1, panda_joint2, panda_joint3, panda_joint4, panda_joint5, panda_joint6, panda_joint7]
  points:
    - positions: [0, -0.785, 0, -2.356, 0, 1.571, 0.785]
      time_from_start: 0
    - positions: [-2.08222207538678, -1.556205581020411, -0.4350697564062165, -0.9536472667264166, -2.880474022119841, 2.260554086481717, -2.061740145451167]
      time_from_start: 0
    - positions: [-2.112574316438892, -1.566270881074624, -0.4423809784589539, -0.9483160683466749, -2.897292346550591, 2.26712719528548, -2.067048262019958]
      time_from_start: 0