joint_trajectory:
  joint_names: [panda_joint1, panda_joint2, panda_joint3, panda_joint4, panda_joint5, panda_joint6, panda_joint7]
  points:
    - positions: [0, -0.785, 0, -2.356, 0, 1.571, 0.785]
      time_from_start: 0
    - positions: [-1.487270329846764, -0.6878646842310016, -0.4333051203599329, -0.9135305343941917, -2.248605310440505, 2.344712315721577, -1.328651483352192]
      time_from_start: 0
    - positions: [-2.112574316438892, -1.566270881074624, -0.4423809784589538, -0.948316068346675, -2.897292346550591, 2.26712719528548, -2.067048262019958]
      time_from_start: 0