joint_trajectory:
  joint_names: [panda_joint1, panda_joint2, panda_joint3, panda_joint4, panda_joint5, panda_joint6, panda_joint7]
  points:
    - positions: [0, -0.785, 0, -2.356, 0, 1.571, 0.785]
      time_from_start: 0
    - positions: [-0.7755757832372097, -0.6808037449143827, 2.852732262803148, -1.98384850507949, 0.573154801723454, 3.205299658249132, 1.026353957704501]
      time_from_start: 0
    - positions: [-1.762123977411493, 0.5779361601011667, 1.946324353467041, -2.067026123802336, -2.8973, 2.812880036155482, 0.01065409945732263]
      time_from_start: 0