joint_trajectory:
  joint_names: [panda_joint1, panda_joint2, panda_joint3, panda_joint4, panda_joint5, panda_joint6, panda_joint7]
  points:
    - positions: [0, -0.785, 0, -2.356, 0, 1.571, 0.785]
      time_from_start: 0
    - positions: [-2.392211796314022, -0.1755591236859854, 2.769275530997803, -1.597338846677572, 1.884333418492817, 3.136508823515519, 2.175351544122919]
      time_from_start: 0
    - positions: [-2.598008711143089, -1.112435652694582, 2.886353547893772, -0.6974164751799671, 1.490335928694126, 3.752490807073791, 2.727319933613674]
      time_from_start: 0