joint_trajectory:
  joint_names: [panda_joint1, panda_joint2, panda_joint3, panda_joint4, panda_joint5, panda_joint6, panda_joint7]
  points:
    - positions: [0, -0.785, 0, -2.356, 0, 1.571, 0.785]
      time_from_start: 0
    - positions: [-1.417748513401952, 0.2568344597646965, -1.993864780322043, -2.338113555563195, -0.4489261934997515, 0.9465239040693268, 1.510636809798702]
      time_from_start: 0
    - positions: [0.4788793159239495, -0.4007414936013536, -0.5708509131901154, -2.363290737742988, 2.511357297368157, 2.923928163060991, 1.370728652728741]
      time_from_start: 0
    - positions: [-0.1540170373323533, -0.1921628116394727, 0.2180581388387277, -2.053095928400116, 2.844938573759289, 2.839116173333665, 1.116783899438167]
      time_from_start: 0