joint_trajectory:
  joint_names: [panda_joint1, panda_joint2, panda_joint3, panda_joint4, panda_joint5, panda_joint6, panda_joint7]
  points:
    - positions: [0, -0.785, 0, -2.356, 0, 1.571, 0.785]
      time_from_start: 0
    - positions: [-2.34725542867643, 0.2131775786768312, -2.039789689397589, -1.663754077514374, 1.339263410706347, 2.797372743732268, 2.390530530885424]
      time_from_start: 0
    - positions: [-2.8973, 0.1299491993407437, -2.517621991182193, -1.662199215889469, 1.524316086485998, 3.117031979689606, 2.474708629008026]
      time_from_start: 0