joint_trajectory:
  joint_names: [panda_joint1, panda_joint2, panda_joint3, panda_joint4, panda_joint5, panda_joint6, panda_joint7]
  points:
    - positions: [0, -0.785, 0, -2.356, 0, 1.571, 0.785]
      time_from_start: 0
    - positions: [1.799402544803529, -0.9709559214042858, -2.469027454706901, -2.375403195067969, 2.102782688105604, 1.513888137878167, 0.1338250930717341]
      time_from_start: 0
    - positions: [2.815060487636945, -0.829519161914452, -2.897299886532873, -2.183084816412616, 2.82283330982935, 1.764789231160038, 0.6599863952645011]
      time_from_start: 0