joint_trajectory:
  joint_names: [panda_joint1, panda_joint2, panda_joint3, panda_joint4, panda_joint5, panda_joint6, panda_joint7]
  points:
    - positions: [0, -0.785, 0, -2.356, 0, 1.571, 0.785]
      time_from_start: 0
    - positions: [-1.613869659012277, -0.4004537727316841, -2.368832318633935, -2.975264279795601, 1.799682487557083, 2.001178258964792, 1.888152132381592]
      time_from_start: 0
    - positions: [-2.363197249095236, -1.762797851369944, -2.8973, -0.9020961331255365, -2.563060536407587, 1.833701743068774, 0.3343623576623512]
      time_from_start: 0