joint_trajectory:
  joint_names: [panda_joint1, panda_joint2, panda_joint3, panda_joint4, panda_joint5, panda_joint6, panda_joint7]
  points:
    - positions: [0, -0.785, 0, -2.356, 0, 1.571, 0.785]
      time_from_start: 0
    - positions: [0.251252713623908, 0.340689642451246, 0.2453211928979139, -1.980908976825428, -2.09801858234205, 2.067171289744935, -0.2782043192015342]
      time_from_start: 0
    - positions: [0.9872940847440144, 0.1746364641731303, 0.2804637436728523, -1.918771830507273, -2.539905930328407, 2.399321202163648, 0.08548860780394293]
      time_from_start: 0
    - positions: [1.254706815942775, 0.1647058692659806, 0.3732504903747255, -1.916862714516825, -2.568603008738451, 2.530577278877955, 0.2243542123048728]
      time_from_start: 0