joint_trajectory:
  joint_names: [panda_joint1, panda_joint2, panda_joint3, panda_joint4, panda_joint5, panda_joint6, panda_joint7]
  points:
    - positions: [0, -0.785, 0, -2.356, 0, 1.571, 0.785]
      time_from_start: 0
    - positions: [-0.4136334397984973, 0.3391906821984769, 1.982104076983015, -1.923938565077187, -0.5983543364390425, 1.888774658824114, -1.011185619270657]
      time_from_start: 0
    - positions: [-0.02261792828161857, 1.572663121083634, 2.535173471665846, -1.819160445140918, -2.218520659918604, 1.834055813714291, -1.70006525661982]
      time_from_start: 0
    - positions: [0.04377696086912178, 1.74699342935413, 2.566699640158988, -1.829783260681189, -2.49740372592781, 1.899470537655954, -1.879448522078587]
      time_from_start: 0