joint_trajectory:
  joint_names: [panda_joint1, panda_joint2, panda_joint3, panda_joint4, panda_joint5, panda_joint6, panda_joint7]
  points:
    - positions: [0, -0.785, 0, -2.356, 0, 1.571, 0.785]
      time_from_start: 0
    - positions: [-1.138496735763071, -0.1661631435205989, 0.1763804956881485, -1.909335526585759, -1.464347207971146, 2.563263016673845, 0.8834884664504412]
      time_from_start: 0
    - positions: [1.254706815942775, 0.1647058692659806, 0.3732504903747254, -1.916862714516825, -2.56860300873845, 2.530577278877955, 0.2243542123048728]
      time_from_start: 0