joint_trajectory:
  joint_names: [panda_joint1, panda_joint2, panda_joint3, panda_joint4, panda_joint5, panda_joint6, panda_joint7]
  points:
    - positions: [0, -0.785, 0, -2.356, 0, 1.571, 0.785]
      time_from_start: 0
    - positions: [2.589499174699234, -0.1503671838004141, 2.703183414047165, -0.996328527726722, 2.049914067208068, 0.1031166271632537, -2.0257781399542]
      time_from_start: 0
    - positions: [1.254706815942775, 0.1647058692659806, 0.3732504903747254, -1.916862714516825, -2.56860300873845, 2.530577278877955, 0.2243542123048728]
      time_from_start: 0