joint_trajectory:
  joint_names: [panda_joint1, panda_joint2, panda_joint3, panda_joint4, panda_joint5, panda_joint6, panda_joint7]
  points:
    - positions: [0, -0.785, 0, -2.356, 0, 1.571, 0.785]
      time_from_start: 0
    - positions: [-1.055526377973514, -1.547427090390348, 2.093570108534546, -1.788197819522577, -0.4650030091204397, 2.261136810859661, 1.096032714232173]
      time_from_start: 0
    - positions: [-1.62435667895601, -1.685614743238259, 2.673017356941482, -1.290728539994433, -1.319720089217803, 2.155308869569908, 0.769967545262046]
      time_from_start: 0
    - positions: [-2.059578403381877, -1.7628, 2.8973, -0.8730880141955879, -2.024531577374489, 2.020776967010256, 0.4642898954074971]
      time_from_start: 0