joint_trajectory:
  joint_names: [panda_joint1, panda_joint2, panda_joint3, panda_joint4, panda_joint5, panda_joint6, panda_joint7]
  points:
    - positions: [0, -0.785, 0, -2.356, 0, 1.571, 0.785]
      time_from_start: 0
    - positions: [1.106499138345332, -0.983695849089567, 0.5391165675942063, -2.272924979629226, -1.43486970144185, 1.496602766370632, 0.5551185352521217]
      time_from_start: 0
    - positions: [1.324049461459339, -0.1190330552570479, 0.4653218445206165, -2.020986983554058, -2.299817846342977, 2.41931423117946, 0.4431199057909419]
      time_from_start: 0
    - positions: [1.254706815942775, 0.1647058692659804, 0.3732504903747256, -1.916862714516825, -2.56860300873845, 2.530577278877955, 0.2243542123048729]
      time_from_start: 0