joint_trajectory:
  joint_names: [panda_joint1, panda_joint2, panda_joint3, panda_joint4, panda_joint5, panda_joint6, panda_joint7]
  points:
    - positions: [0, -0.785, 0, -2.356, 0, 1.571, 0.785]
      time_from_start: 0
    - positions: [-1.964114694667706, -0.4893676266087079, 0.08483361922163303, -1.127372064882567, 0.6674238294603443, 2.05476906612901, -1.374590464641095]
      time_from_start: 0
    - positions: [-2.8973, -1.414213674289879, -0.01792617296663926, -0.5610413158064625, 2.482150613064375, 2.299132452466476, -1.851322354978113]
      time_from_start: 0