joint_trajectory:
  joint_names: [panda_joint1, panda_joint2, panda_joint3, panda_joint4, panda_joint5, panda_joint6, panda_joint7]
  points:
    - positions: [0, -0.785, 0, -2.356, 0, 1.571, 0.785]
      time_from_start: 0
    - positions: [1.47610355012115, -0.4572108422148858, -0.5887624637640941, -2.015927544185903, 0.8895503906905941, 3.013418383313506, 2.870825296643467]
      time_from_start: 0
    - positions: [1.839520855183874, -0.1547990672564706, -0.8194207678579585, -1.722811965193444, 1.090663181673402, 3.293277048521751, 2.734095819413406]
      time_from_start: 0