joint_trajectory:
  joint_names: [panda_joint1, panda_joint2, panda_joint3, panda_joint4, panda_joint5, panda_joint6, panda_joint7]
  points:
    - positions: [0, -0.785, 0, -2.356, 0, 1.571, 0.785]
      time_from_start: 0
    - positions: [0.8974668295169816, -1.081163446353073, -1.968221228465128, -2.084184938116781, 0.2512262768766592, 2.357502621190509, 0.8281244840217261]
      time_from_start: 0
    - positions: [2.231001129348976, -0.9472172437345966, -2.754502364732266, -2.139770522456547, 1.983490923847369, 2.03964512127381, 0.6902326533204433]
      time_from_start: 0
    - positions: [2.765510873697096, -0.8338289997922832, -2.847271463376299, -2.209837508182652, 2.819159318707041, 1.757637294187422, 0.6139568473515365]
      time_from_start: 0