joint_trajectory:
  joint_names: [panda_joint1, panda_joint2, panda_joint3, panda_joint4, panda_joint5, panda_joint6, panda_joint7]
  points:
    - positions: [0, -0.785, 0, -2.356, 0, 1.571, 0.785]
      time_from_start: 0
    - positions: [-0.186092619662839, 1.029361849916722, -1.125422491060125, -2.2402147914827, -2.529817415882127, 1.844477853053195, 0.4913151572311116]
      time_from_start: 0
    - positions: [0.3549722384917732, 1.06702416849871, -0.8897047449769375, -2.227772030909374, -2.735583105449598, 1.778489759331687, 0.9514676430328222]
      time_from_start: 0
    - positions: [0.8178142722778567, 1.056493575031908, -0.6790522088120515, -2.2124261757901, -2.897299973997367, 1.710444116975824, 1.357403917338465]
      time_from_start: 0