joint_trajectory:
  joint_names: [panda_joint1, panda_joint2, panda_joint3, panda_joint4, panda_joint5, panda_joint6, panda_joint7]
  points:
    - positions: [0, -0.785, 0, -2.356, 0, 1.571, 0.785]
      time_from_start: 0
    - positions: [1.853283636547791, -0.4876139696556298, -1.778933382401548, -1.201491583183827, 2.636346816531598, 3.512548354490746, 0.8315995510908544]
      time_from_start: 0
    - positions: [2.713696561686662, -0.1779691646258107, -1.741703147395237, -1.21785168632422, 2.860900574087259, 3.460659986971458, 0.8685165509303832]
      time_from_start: 0