joint_trajectory:
  joint_names: [panda_joint1, panda_joint2, panda_joint3, panda_joint4, panda_joint5, panda_joint6, panda_joint7]
  points:
    - positions: [0, -0.785, 0, -2.356, 0, 1.571, 0.785]
      time_from_start: 0
    - positions: [1.144216019669445, -0.7727655439200574, 0.7461366884024967, -1.741614844691169, 0.0519762641363074, 2.279433364189452, 0.2003193726129039]
      time_from_start: 0
    - positions: [1.400532803815333, -0.01456122667216084, 0.494889046626478, -1.807566632989859, -2.165970080176125, 2.630075197763226, 0.2155670107729897]
      time_from_start: 0
    - positions: [1.254706815942775, 0.1647058692659806, 0.3732504903747254, -1.916862714516825, -2.56860300873845, 2.530577278877955, 0.2243542123048728]
      time_from_start: 0