joint_trajectory:
  joint_names: [panda_joint1, panda_joint2, panda_joint3, panda_joint4, panda_joint5, panda_joint6, panda_joint7]
  points:
    - positions: [0, -0.785, 0, -2.356, 0, 1.571, 0.785]
      time_from_start: 0
    - positions: [-1.320114608892014, -1.455893048300891, 2.640427792107457, -1.426481415148624, -0.6550093461989437, 1.891910144462514, 1.284037058969005]
      time_from_start: 0
    - positions: [-1.989974044675621, -1.734446664377579, 2.882616207958718, -0.9254321344120238, -1.887831561974966, 2.009042350819616, 0.5499916026338276]
      time_from_start: 0
    - positions: [-2.059578403381877, -1.7628, 2.8973, -0.8730880141955879, -2.024531577374489, 2.020776967010256, 0.4642898954074972]
      time_from_start: 0