joint_trajectory:
  joint_names: [panda_joint1, panda_joint2, panda_joint3, panda_joint4, panda_joint5, panda_joint6, panda_joint7]
  points:
    - positions: [0, -0.785, 0, -2.356, 0, 1.571, 0.785]
      time_from_start: 0
    - positions: [0.8073607703967316, -0.1948715429989072, 1.010609381314224, -1.664359127773786, -1.363435085763218, 2.646798983990895, 0.8194736716985812]
      time_from_start: 0
    - positions: [1.1223007338638, 0.02870446833506349, 0.7267553126359562, -1.815418012058453, -2.059641118239952, 2.703938714838989, 0.3270941431463354]
      time_from_start: 0
    - positions: [1.254706815942775, 0.1647058692659805, 0.3732504903747258, -1.916862714516825, -2.56860300873845, 2.530577278877955, 0.224354212304873]
      time_from_start: 0