joint_trajectory:
  joint_names: [panda_joint1, panda_joint2, panda_joint3, panda_joint4, panda_joint5, panda_joint6, panda_joint7]
  points:
    - positions: [0, -0.785, 0, -2.356, 0, 1.571, 0.785]
      time_from_start: 0
    - positions: [-2.051465085867713, -0.924127190746847, 1.609259953573984, -0.8667945217474271, 2.119668834303652, 3.484432618989264, 2.767223363913609]
      time_from_start: 0
    - positions: [-2.272134805082531, -1.301440006082792, 1.983486002556028, -0.8391001929988117, 2.255791756297568, 3.481640897100439, 2.778042798552329]
      time_from_start: 0