joint_trajectory:
  joint_names: [panda_joint1, panda_joint2, panda_joint3, panda_joint4, panda_joint5, panda_joint6, panda_joint7]
  points:
    - positions: [0, -0.785, 0, -2.356, 0, 1.571, 0.785]
      time_from_start: 0
    - positions: [-2.353265451328298, -1.652231113884142, -2.823956463317235, -1.118458431627817, -2.567460065028822, 2.0419724865447, 0.0695263334023031]
      time_from_start: 0
    - positions: [-2.346018785011244, -1.762794178491298, -2.897269494572244, -0.9004521723245247, -2.528354731316312, 1.833139346560914, 0.3216299988548946]
      time_from_start: 0