joint_trajectory:
  joint_names: [panda_joint1, panda_joint2, panda_joint3, panda_joint4, panda_joint5, panda_joint6, panda_joint7]
  points:
    - positions: [0, -0.785, 0, -2.356, 0, 1.571, 0.785]
      time_from_start: 0
    - positions: [0.3963083746330754, 0.8818604883968915, 1.052319000842765, -1.939662383494289, -0.755708008206088, 1.271895564056843, 0.3898365878927275]
      time_from_start: 0
    - positions: [0.6845738427046913, 1.535167734947164, 0.5920810036284156, -1.269653891404565, -1.843680858077274, 1.60735611081785, 0.340188344554901]
      time_from_start: 0
    - positions: [0.8257173246737914, 1.7628, 0.1645196974905118, -0.8810199527187297, -2.465193732099828, 1.862847032861516, 0.3551094718697121]
      time_from_start: 0