joint_trajectory:
  joint_names: [panda_joint1, panda_joint2, panda_joint3, panda_joint4, panda_joint5, panda_joint6, panda_joint7]
  points:
    - positions: [0, -0.785, 0, -2.356, 0, 1.571, 0.785]
      time_from_start: 0
    - positions: [-2.274206825810871, -1.713427190526043, -2.254412986192901, -1.500931156622727, -1.736577424170728, 2.123330864147833, -0.3586662852101077]
      time_from_start: 0
    - positions: [-2.351859206192707, -1.762797559421562, -2.897299533233893, -0.8896747198836025, -2.535349872219693, 1.848753103484162, 0.312419543645288]
      time_from_start: 0