joint_trajectory:
  joint_names: [panda_joint1, panda_joint2, panda_joint3, panda_joint4, panda_joint5, panda_joint6, panda_joint7]
  points:
    - positions: [0, -0.785, 0, -2.356, 0, 1.571, 0.785]
      time_from_start: 0
    - positions: [0.1917271625693095, 0.6530917218018131, 0.02069924947075776, -0.700132864804403, -1.110914862048526, 2.674985816763788, -1.235982733499577]
      time_from_start: 0
    - positions: [0.1927472797234835, 0.6769209048680721, 0.0002027372657741305, -0.6853345621829484, -1.130173351002899, 2.677881884400636, -1.266275780807235]
      time_from_start: 0