joint_trajectory:
  joint_names: [panda_joint1, panda_joint2, panda_joint3, panda_joint4, panda_joint5, panda_joint6, panda_joint7]
  points:
    - positions: [0, -0.785, 0, -2.356, 0, 1.571, 0.785]
      time_from_start: 0
    - positions: [-1.46001671909061, -0.08871512996647501, -2.328222348037857, -2.437996466815868, -0.8305439615235067, 2.108880307390355, 0.8729908028412738]
      time_from_start: 0
    - positions: [1.671499035990975, 0.9195920970944951, -1.990578207198241, -2.251027186957745, 2.307749822295617, 2.277054409641469, 2.065440040347435]
      time_from_start: 0
    - positions: [1.747958543678519, 0.9435888769316605, -1.955393490958949, -2.213396878065894, 2.551653286148328, 2.421562194108414, 2.182990045541754]
      time_from_start: 0