joint_trajectory:
  joint_names: [panda_joint1, panda_joint2, panda_joint3, panda_joint4, panda_joint5, panda_joint6, panda_joint7]
  points:
    - positions: [0, -0.785, 0, -2.356, 0, 1.571, 0.785]
      time_from_start: 0
    - positions: [1.533046213085914, -0.6116824334666546, -0.4838244287774227, -1.764954694685311, 0.4309289670256066, 3.593722081785277, 2.881611229988214]
      time_from_start: 0
    - positions: [1.919467443214923, -0.1784374837395651, -0.8846793355077234, -1.742932224073955, 1.052315378401984, 3.320813949476054, 2.735704200621798]
      time_from_start: 0