joint_trajectory:
  joint_names: [panda_joint1, panda_joint2, panda_joint3, panda_joint4, panda_joint5, panda_joint6, panda_joint7]
  points:
    - positions: [0, -0.785, 0, -2.356, 0, 1.571, 0.785]
      time_from_start: 0
    - positions: [0.1626404222965067, 0.6380796497066021, -0.1521621278428235, -0.7042437262067325, -0.9749078125249309, 2.655704290945094, -0.5020656242943873]
      time_from_start: 0
    - positions: [0.2565909063505198, 0.7097570148047594, -0.1426881097521225, -0.6434842313824641, -0.9966528083169531, 2.69878412636871, -1.308335238988953]
      time_from_start: 0