joint_trajectory:
  joint_names: [panda_joint1, panda_joint2, panda_joint3, panda_joint4, panda_joint5, panda_joint6, panda_joint7]
  points:
    - positions: [0, -0.785, 0, -2.356, 0, 1.571, 0.785]
      time_from_start: 0
    - positions: [-0.9227161098935146, 0.07943356124568292, 0.5477313852624044, -1.353764997636379, 2.469067509619255, 2.848904044514255, 0.928713106973944]
      time_from_start: 0
    - positions: [-0.5009657684594748, 0.3028120981462924, 1.639953711089383, -1.206670858205886, 2.798794974668877, 3.210898493992886, 1.139890690879191]
      time_from_start: 0
    - positions: [-0.5564874174316851, 0.2065064630930593, 1.574785994595486, -1.253380668255516, 2.753162790247643, 3.455317165887096, 0.9451609851664254]
      time_from_start: 0