joint_trajectory:
  joint_names: [panda_joint1, panda_joint2, panda_joint3, panda_joint4, panda_joint5, panda_joint6, panda_joint7]
  points:
    - positions: [0, -0.785, 0, -2.356, 0, 1.571, 0.785]
      time_from_start: 0
    - positions: [-0.4648666657967896, -0.3847916358334863, -0.2187840676297156, -2.355486481040696, -0.5450787380652982, 1.446203243553718, 0.02200061106390244]
      time_from_start: 0
    - positions: [-2.112574316438892, -1.566270881074624, -0.4423809784589539, -0.948316068346675, -2.897292346550591, 2.26712719528548, -2.067048262019958]
      time_from_start: 0