joint_trajectory:
  joint_names: [panda_joint1, panda_joint2, panda_joint3, panda_joint4, panda_joint5, panda_joint6, panda_joint7]
  points:
    - positions: [0, -0.785, 0, -2.356, 0, 1.571, 0.785]
      time_from_start: 0
    - positions: [0.9292324027172479, 0.9530028240035393, -1.683869474128227, -1.716473443007665, -1.557455666862352, 3.467746627041329, 1.582807198033753]
      time_from_start: 0
    - positions: [0.936429913989629, 1.335068578998729, -1.702727887468135, -0.9432036587383554, -2.534521528992952, 3.60872484632216, 1.861521268755282]
      time_from_start: 0
    - positions: [0.7696774280755931, 1.393447613302947, -1.577257963238244, -0.5550585570645952, -2.897290923112384, 3.589794013723451, 1.988465334183608]
      time_from_start: 0