joint_trajectory:
  joint_names: [panda_joint1, panda_joint2, panda_joint3, panda_joint4, panda_joint5, panda_joint6, panda_joint7]
  points:
    - positions: [0, -0.785, 0, -2.356, 0, 1.571, 0.785]
      time_from_start: 0
    - positions: [0.3991105188491084, 0.4558904133067189, -0.2523406259172057, -0.9036897526965041, -0.5733369531495693, 2.518825447091312, -1.234637305725003]
      time_from_start: 0
    - positions: [0.4382368985008853, 0.7007423625299101, -0.5318323269246804, -0.7275695564824576, -0.6792181786652138, 2.774652491717104, -1.369806825165581]
      time_from_start: 0