joint_trajectory:
  joint_names: [panda_joint1, panda_joint2, panda_joint3, panda_joint4, panda_joint5, panda_joint6, panda_joint7]
  points:
    - positions: [0, -0.785, 0, -2.356, 0, 1.571, 0.785]
      time_from_start: 0
    - positions: [-1.83818153124903, 0.8468981956207606, 1.751962663942745, -1.318997912012408, 1.170409126807827, 2.673410910962212, 1.839962007967845]
      time_from_start: 0
    - positions: [-1.570145865005447, 0.1423695243225847, 2.548664136036469, -1.742174470702919, 1.039125735022258, 3.248277767767734, 2.80888884601204]
      time_from_start: 0