joint_trajectory:
  joint_names: [panda_joint1, panda_joint2, panda_joint3, panda_joint4, panda_joint5, panda_joint6, panda_joint7]
  points:
    - positions: [0, -0.785, 0, -2.356, 0, 1.571, 0.785]
      time_from_start: 0
    - positions: [-1.515735854639775, -0.9578392475133584, -0.4859230869028807, -0.9851103699603369, -2.042834996088594, 1.960810927166918, -1.912303987456491]
      time_from_start: 0
    - positions: [-2.112574316438892, -1.566270881074624, -0.4423809784589538, -0.9483160683466749, -2.89729234655059, 2.26712719528548, -2.067048262019958]
      time_from_start: 0