joint_trajectory:
  joint_names: [panda_joint1, panda_joint2, panda_joint3, panda_joint4, panda_joint5, panda_joint6, panda_joint7]
  points:
    - positions: [0, -0.785, 0, -2.356, 0, 1.571, 0.785]
      time_from_start: 0
    - positions: [0.2502447954397081, -0.3457036051541838, 0.1544321006943487, -2.403108823294717, -0.08451658081802471, 1.827210493607784, 0.7247485928096592]
      time_from_start: 0
    - positions: [1.041287494380183, 1.4356019842958, 0.4300099616477138, -1.86644817922317, -1.184451775069977, 2.401754652729277, 0.4570283499438973]
      time_from_start: 0
    - positions: [0.906856948051308, 1.762795046720752, 0.04212967486810443, -0.8578311665591433, -2.333482177723797, 1.926550928685538, 0.3785808771240195]
      time_from_start: 0