joint_trajectory:
  joint_names: [panda_joint1, panda_joint2, panda_joint3, panda_joint4, panda_joint5, panda_joint6, panda_joint7]
  points:
    - positions: [0, -0.785, 0, -2.356, 0, 1.571, 0.785]
      time_from_start: 0
    - positions: [0.5992440475210081, -1.395297700287402, 2.414005913868919, -1.482164720927412, 2.262650937275775, 3.601065253424458, 2.657407479384495]
      time_from_start: 0
    - positions: [-2.352112993805517, -1.199111778076845, 2.218096889714676, -0.7508509648219297, 2.108272859189849, 3.576935984800142, 2.695138346841532]
      time_from_start: 0