joint_trajectory:
  joint_names: [panda_joint1, panda_joint2, panda_joint3, panda_joint4, panda_joint5, panda_joint6, panda_joint7]
  points:
    - positions: [0, -0.785, 0, -2.356, 0, 1.571, 0.785]
      time_from_start: 0
    - positions: [1.216733126431754, 0.8372276354645702, -0.8702518299509785, -1.420514158981463, 2.113982127017425, 3.334605498171762, 1.581013741112341]
      time_from_start: 0
    - positions: [1.159271518919313, 0.9275374660261049, -0.9769621739024961, -1.284358557206508, 2.287411636986363, 3.398401706987921, 1.712971670584971]
      time_from_start: 0
    - positions: [0.8079537010558091, 1.359654332826227, -1.339462926965332, -0.6267571718995217, 2.897299617946866, 3.56284485275788, 2.283738935278834]
      time_from_start: 0