joint_trajectory:
  joint_names: [panda_joint1, panda_joint2, panda_joint3, panda_joint4, panda_joint5, panda_joint6, panda_joint7]
  points:
    - positions: [0, -0.785, 0, -2.356, 0, 1.571, 0.785]
      time_from_start: 0
    - positions: [0.6156676238795166, 0.6076386590281693, -0.7873934266701474, -0.8141296249025463, -0.424321310253135, 2.476230154240011, -1.165408078004859]
      time_from_start: 0
    - positions: [0.4671565195130409, 0.7019997117187348, -0.5851095904221231, -0.7407587147588447, -0.6159461309585564, 2.782218575667613, -1.39471017695651]
      time_from_start: 0