joint_trajectory:
  joint_names: [panda_joint1, panda_joint2, panda_joint3, panda_joint4, panda_joint5, panda_joint6, panda_joint7]
  points:
    - positions: [0, -0.785, 0, -2.356, 0, 1.571, 0.785]
      time_from_start: 0
    - positions: [-0.9573702884944622, -0.6805913782272488, 1.774203807018464, -2.623694360908028, 2.770387152068456, 3.367306070914492, 2.646683534554811]
      time_from_start: 0
    - positions: [-2.430068267635735, -1.303119969893931, 1.946662990977668, -0.4993355136244674, 2.827705297550263, 3.611416173476975, 2.189816425796837]
      time_from_start: 0