joint_trajectory:
  joint_names: [panda_joint1, panda_joint2, panda_joint3, panda_joint4, panda_joint5, panda_joint6, panda_joint7]
  points:
    - positions: [0, -0.785, 0, -2.356, 0, 1.571, 0.785]
      time_from_start: 0
    - positions: [1.012181933578303, 0.4083636361569266, 1.232871740753723, -2.255316667202337, 0.6830266032155761, 1.381176268360647, -0.2938229566383666]
      time_from_start: 0
    - positions: [0.9418822204875278, 1.648482309681551, 0.1868706964074177, -1.002581461414215, -2.019304614247176, 1.859407950985585, 0.2974472989624501]
      time_from_start: 0
    - positions: [0.9129717996061167, 1.762796159499909, 0.04393308300205598, -0.8641553223405918, -2.336609070400581, 1.916993530561398, 0.386178510439934]
      time_from_start: 0