joint_trajectory:
  joint_names: [panda_joint1, panda_joint2, panda_joint3, panda_joint4, panda_joint5, panda_joint6, panda_joint7]
  points:
    - positions: [0, -0.785, 0, -2.356, 0, 1.571, 0.785]
      time_from_start: 0
    - positions: [1.37897260543822, -1.722218598389369, -2.510712081134054, -2.360952345053443, 1.938723503049586, 2.617785409908034, -0.1982066756239229]
      time_from_start: 0
    - positions: [1.750909877250211, -1.7628, -2.055966498690379, -2.048691031552313, 2.319100554106697, 2.437817430988716, -0.2666005280887766]
      time_from_start: 0