joint_trajectory:
  joint_names: [panda_joint1, panda_joint2, panda_joint3, panda_joint4, panda_joint5, panda_joint6, panda_joint7]
  points:
    - positions: [0, -0.785, 0, -2.356, 0, 1.571, 0.785]
      time_from_start: 0
    - positions: [1.460299141050828, 0.7379526046425102, 1.85640250551221, -2.975165158185014, -2.614727557642432, 1.615478692224715, 0.7646372503908352]
      time_from_start: 0
    - positions: [-2.588555695110535, -1.123127004110521, 2.884985148039163, -0.6848741501210177, 1.50584145737199, 3.752492957653573, 2.726006379644952]
      time_from_start: 0