joint_trajectory:
  joint_names: [panda_joint1, panda_joint2, panda_joint3, panda_joint4, panda_joint5, panda_joint6, panda_joint7]
  points:
    - positions: [0, -0.785, 0, -2.356, 0, 1.571, 0.785]
      time_from_start: 0
    - positions: [-1.570583707528859, -1.201864973956626, -0.7501780591270029, -1.497098554007525, -2.711437710569001, 2.108297654292545, -0.496581882470588]
      time_from_start: 0
    - positions: [-2.112574316438892, -1.566270881074624, -0.442380978458954, -0.9483160683466747, -2.897292346550591, 2.26712719528548, -2.067048262019958]
      time_from_start: 0