joint_trajectory:
  joint_names: [panda_joint1, panda_joint2, panda_joint3, panda_joint4, panda_joint5, panda_joint6, panda_joint7]
  points:
    - positions: [0, -0.785, 0, -2.356, 0, 1.571, 0.785]
      time_from_start: 0
    - positions: [2.750576982401327, -0.8175793443874595, -0.2942225671346563, -0.6025769512476689, -0.9465488339918665, 1.942667996131471, -1.583473341682763]
      time_from_start: 0
    - positions: [2.8973, -1.076080957802456, -1.423730413559433, -0.7208849276315147, -2.492796882522561, 2.247854205139407, -1.3804916600552]
      time_from_start: 0