joint_trajectory:
  joint_names: [panda_joint1, panda_joint2, panda_joint3, panda_joint4, panda_joint5, panda_joint6, panda_joint7]
  points:
    - positions: [0, -0.785, 0, -2.356, 0, 1.571, 0.785]
      time_from_start: 0
    - positions: [1.199728993676511, 0.09907375080662099, 0.5342946535335941, -1.977739905401239, -1.191328270542678, 2.295331039696026, -0.1260334422403904]
      time_from_start: 0
    - positions: [1.245976752394741, 0.1507587737388744, 0.4248599342733261, -1.932640379664818, -2.164278414601321, 2.464865961995081, 0.1136833584501235]
      time_from_start: 0
    - positions: [1.254706815942775, 0.1647058692659804, 0.3732504903747256, -1.916862714516825, -2.568603008738451, 2.530577278877955, 0.2243542123048728]
      time_from_start: 0