joint_trajectory:
  joint_names: [panda_joint1, panda_joint2, panda_joint3, panda_joint4, panda_joint5, panda_joint6, panda_joint7]
  points:
    - positions: [0, -0.785, 0, -2.356, 0, 1.571, 0.785]
      time_from_start: 0
    - positions: [-0.7918306854647074, -0.6054371247420881, 0.4439195748236694, -2.388622571852135, 1.144294924897953, 2.484054990318795, 1.393361897263245]
      time_from_start: 0
    - positions: [-0.6819588557662705, -0.4325064941161785, 0.5856569750954166, -2.282080494577804, 2.1052580076006, 2.798408711948189, 1.390883072782027]
      time_from_start: 0
    - positions: [-0.1120484090599595, -0.2051942117385014, 0.1778227033200205, -2.064520344880003, 2.8973, 2.838116285518284, 1.048983809114418]
      time_from_start: 0