joint_trajectory:
  joint_names: [panda_joint1, panda_joint2, panda_joint3, panda_joint4, panda_joint5, panda_joint6, panda_joint7]
  points:
    - positions: [0, -0.785, 0, -2.356, 0, 1.571, 0.785]
      time_from_start: 0
    - positions: [-2.054790617828622, -1.544305672658582, -0.4379857424121072, -0.9924031486211792, -2.880205697690866, 2.225904378841597, -2.050310150609865]
      time_from_start: 0
    - positions: [-2.112574316438892, -1.566270881074624, -0.442380978458954, -0.948316068346675, -2.897292346550591, 2.26712719528548, -2.067048262019958]
      time_from_start: 0