joint_trajectory:
  joint_names: [panda_joint1, panda_joint2, panda_joint3, panda_joint4, panda_joint5, panda_joint6, panda_joint7]
  points:
    - positions: [0, -0.785, 0, -2.356, 0, 1.571, 0.785]
      time_from_start: 0
    - positions: [0.9006744515077809, -0.0507963579891625, 0.6754776635841557, -2.126456802960215, -1.53776671508792, 2.411818555673829, 0.3000479915079635]
      time_from_start: 0
    - positions: [1.107557459828156, 0.08643267541304357, 0.5866194534688489, -2.02242768597187, -2.074245569990785, 2.51394475122397, 0.2380516918487269]
      time_from_start: 0
    - positions: [1.254706815942775, 0.1647058692659805, 0.3732504903747258, -1.916862714516825, -2.56860300873845, 2.530577278877955, 0.224354212304873]
      time_from_start: 0