joint_trajectory:
  joint_names: [panda_joint1, panda_joint2, panda_joint3, panda_joint4, panda_joint5, panda_joint6, panda_joint7]
  points:
    - positions: [0, -0.785, 0, -2.356, 0, 1.571, 0.785]
      time_from_start: 0
    - positions: [-2.341244432658054, 0.4977001056617865, 2.13921317496558, -1.150730096999028, 1.77332502675629, 3.461516051450922, 2.299068078125535]
      time_from_start: 0
    - positions: [-1.464558071687867, 0.1555372718636498, 2.450507523390391, -1.768454991210115, 0.9346438129233824, 3.275884413539096, 2.897299991763445]
      time_from_start: 0