joint_trajectory:
  joint_names: [panda_joint1, panda_joint2, panda_joint3, panda_joint4, panda_joint5, panda_joint6, panda_joint7]
  points:
    - positions: [0, -0.785, 0, -2.356, 0, 1.571, 0.785]
      time_from_start: 0
    - positions: [0.9983867520692291, -1.177657894380949, 0.8170912014237137, -1.155446643225243, -1.111927568915766, 2.332756955213845, -0.3217131641143931]
      time_from_start: 0
    - positions: [-2.463075714455595, -0.5248191662188481, -2.897299995560172, -1.826517387233304, -2.275300956108887, 2.05837615796955, 0.1072618357488623]
      time_from_start: 0