joint_trajectory:
  joint_names: [panda_joint1, panda_joint2, panda_joint3, panda_joint4, panda_joint5, panda_joint6, panda_joint7]
  points:
    - positions: [0, -0.785, 0, -2.356, 0, 1.571, 0.785]
      time_from_start: 0
    - positions: [0.4417622214613174, 0.09247130104972859, -0.6056161983571542, -1.257464329386579, 0.1711460403814273, 2.142985992586043, -1.294206018043758]
      time_from_start: 0
    - positions: [0.3738966646374357, 0.7314715357211768, -0.4214643390714955, -0.6558822562504478, -0.7399823556764079, 2.731411843297173, -1.359860668168932]
      time_from_start: 0