joint_trajectory:
  joint_names: [panda_joint1, panda_joint2, panda_joint3, panda_joint4, panda_joint5, panda_joint6, panda_joint7]
  points:
    - positions: [0, -0.785, 0, -2.356, 0, 1.571, 0.785]
      time_from_start: 0
    - positions: [-0.04454309040067742, 0.100064904442559, 0.9347283475010679, -2.116567788943151, 0.2256935255245559, 2.302720858851385, 1.095192481377453]
      time_from_start: 0
    - positions: [-0.1724780913174374, 1.215419551810864, 1.332737761748183, -1.922844925600069, -2.895123837905981, 1.62430301024111, -0.4569015556013485]
      time_from_start: 0