joint_trajectory:
  joint_names: [panda_joint1, panda_joint2, panda_joint3, panda_joint4, panda_joint5, panda_joint6, panda_joint7]
  points:
    - positions: [0, -0.785, 0, -2.356, 0, 1.571, 0.785]
      time_from_start: 0
    - positions: [-0.003940290755990093, -0.7813353800986229, 1.009117896314047, -2.426977009107415, -1.049460067802062, 2.349652827858116, -0.9298401229729713]
      time_from_start: 0
    - positions: [0.4640626368313904, 0.7066056586558322, -0.599022158360733, -0.7440120750915817, -0.6231433905315682, 2.791921532895453, -1.372541412135868]
      time_from_start: 0