joint_trajectory:
  joint_names: [panda_joint1, panda_joint2, panda_joint3, panda_joint4, panda_joint5, panda_joint6, panda_joint7]
  points:
    - positions: [0, -0.785, 0, -2.356, 0, 1.571, 0.785]
      time_from_start: 0
    - positions: [-0.1459402212369264, 0.8625480371662679, -1.226872150247536, -1.632041289209213, -1.705532697361697, 3.517895005812654, 1.090055265345691]
      time_from_start: 0
    - positions: [0.7911622879668531, 1.596076412238923, -2.150852349177983, -0.8667071507197012, -1.712316114521493, 3.604085003145365, 1.297670182284242]
      time_from_start: 0