joint_trajectory:
  joint_names: [panda_joint1, panda_joint2, panda_joint3, panda_joint4, panda_joint5, panda_joint6, panda_joint7]
  points:
    - positions: [0, -0.785, 0, -2.356, 0, 1.571, 0.785]
      time_from_start: 0
    - positions: [-0.9456533763268538, 0.2136285894878289, 1.141475381422338, -1.067572333239287, 1.929488744064694, 3.633880994993161, 0.9527355059542321]
      time_from_start: 0
    - positions: [-0.6099386386050012, 0.05437936985231235, 1.650321117515765, -1.123065476195249, 1.88085750202209, 3.599267242991401, 1.624474445222661]
      time_from_start: 0
    - positions: [-0.619409375770882, 0.2760829112283372, 1.802388565560797, -1.367384277860367, 2.127103385584868, 3.494550276346557, 1.490387855817884]
      time_from_start: 0