joint_trajectory:
  joint_names: [panda_joint1, panda_joint2, panda_joint3, panda_joint4, panda_joint5, panda_joint6, panda_joint7]
  points:
    - positions: [0, -0.785, 0, -2.356, 0, 1.571, 0.785]
      time_from_start: 0
    - positions: [-0.5958241520024438, -0.7775460046024061, 1.118104842712247, -1.832938739316489, 1.226534704302233, 3.115530756997655, 1.676511790249632]
      time_from_start: 0
    - positions: [-0.5914780108085459, 0.2612002586211456, 1.749888894233782, -1.329021799671693, 2.222021094699473, 3.492122607888704, 1.409264996919358]
      time_from_start: 0