joint_trajectory:
  joint_names: [panda_joint1, panda_joint2, panda_joint3, panda_joint4, panda_joint5, panda_joint6, panda_joint7]
  points:
    - positions: [0, -0.785, 0, -2.356, 0, 1.571, 0.785]
      time_from_start: 0
    - positions: [0.8074171617993267, -0.5841216044790191, -1.47850591729065, -1.155056861130412, -1.890370686359761, 2.374700027293291, 0.7404169644740564]
      time_from_start: 0
    - positions: [2.528946247211082, -0.03567783164121542, -1.919147268875149, -1.359886501565871, -2.139596821684211, 3.482118253446517, -0.2305786466264904]
      time_from_start: 0