joint_trajectory:
  joint_names: [panda_joint1, panda_joint2, panda_joint3, panda_joint4, panda_joint5, panda_joint6, panda_joint7]
  points:
    - positions: [0, -0.785, 0, -2.356, 0, 1.571, 0.785]
      time_from_start: 0
    - positions: [0.1419480285762045, -0.6552339122624106, 0.411026548349912, -2.347623292225836, -0.2373681460792768, 1.602064047697216, 0.2787970255450825]
      time_from_start: 0
    - positions: [1.110814580452378, 0.07449674924328337, 0.6394644288126845, -2.001832613582145, -2.229433828394868, 2.355597447421735, -0.08235364270641884]
      time_from_start: 0
    - positions: [1.254706815942775, 0.1647058692659802, 0.3732504903747257, -1.916862714516825, -2.568603008738451, 2.530577278877955, 0.2243542123048728]
      time_from_start: 0