joint_trajectory:
  joint_names: [panda_joint1, panda_joint2, panda_joint3, panda_joint4, panda_joint5, panda_joint6, panda_joint7]
  points:
    - positions: [0, -0.785, 0, -2.356, 0, 1.571, 0.785]
      time_from_start: 0
    - positions: [-1.216726716679225, -0.6508204730851442, -0.8567280558300296, -1.26537952803873, -2.510798047747505, 1.593072669747595, -0.9562824216900407]
      time_from_start: 0
    - positions: [-2.112574316438892, -1.566270881074624, -0.4423809784589538, -0.9483160683466749, -2.89729234655059, 2.26712719528548, -2.067048262019958]
      time_from_start: 0