joint_trajectory:
  joint_names: [panda_joint1, panda_joint2, panda_joint3, panda_joint4, panda_joint5, panda_joint6, panda_joint7]
  points:
    - positions: [0, -0.785, 0, -2.356, 0, 1.571, 0.785]
      time_from_start: 0
    - positions: [-0.2064092712732507, 0.4827813234315417, 1.060882562564466, -0.9250826173226626, -1.880590008053495, 1.972219105922066, -1.776659546648427]
      time_from_start: 0
    - positions: [-0.2573715251011571, 0.9591890634993424, 1.456768324850236, -0.7274601542061451, -2.271108734095176, 2.309554411887657, -1.303456582577431]
      time_from_start: 0