joint_trajectory:
  joint_names: [panda_joint1, panda_joint2, panda_joint3, panda_joint4, panda_joint5, panda_joint6, panda_joint7]
  points:
    - positions: [0, -0.785, 0, -2.356, 0, 1.571, 0.785]
      time_from_start: 0
    - positions: [0.8273312563916811, 0.5288840532548996, -0.7225586833352926, -2.065727645145033, -2.1578512837344, 2.42392294366266, 1.360090753461078]
      time_from_start: 0
    - positions: [0.5329155671492506, 1.215313235260346, -0.9576749529786038, -1.710222803037147, -2.8973, 2.227702409880774, 1.538474934094325]
      time_from_start: 0