joint_trajectory:
  joint_names: [panda_joint1, panda_joint2, panda_joint3, panda_joint4, panda_joint5, panda_joint6, panda_joint7]
  points:
    - positions: [0, -0.785, 0, -2.356, 0, 1.571, 0.785]
      time_from_start: 0
    - positions: [1.675603267793306, -1.017385887343805, -2.345357439558314, -2.332036045066787, 1.034027955589102, 1.918515017892072, 2.001571063869411]
      time_from_start: 0
    - positions: [2.642347811925005, -0.8523592218438277, -2.752475348759017, -2.208539448628128, 2.757976220108319, 1.785941464436757, 0.5546746830764986]
      time_from_start: 0