joint_trajectory:
  joint_names: [panda_joint1, panda_joint2, panda_joint3, panda_joint4, panda_joint5, panda_joint6, panda_joint7]
  points:
    - positions: [0, -0.785, 0, -2.356, 0, 1.571, 0.785]
      time_from_start: 0
    - positions: [0.01550705307441165, -0.7908331690984585, 1.261631879192857, -1.560899865864172, 0.7138736267862755, 2.527474964732565, 0.7869885692823124]
      time_from_start: 0
    - positions: [-0.4767709553646194, -0.3256212871285691, 1.15107716040828, -1.66400794648196, 1.687852024138567, 2.908664917705867, 2.532193225890752]
      time_from_start: 0