joint_trajectory:
  joint_names: [panda_joint1, panda_joint2, panda_joint3, panda_joint4, panda_joint5, panda_joint6, panda_joint7]
  points:
    - positions: [0, -0.785, 0, -2.356, 0, 1.571, 0.785]
      time_from_start: 0
    - positions: [0.05191129199224721, -0.6708841765736235, 0.1650488938221461, -2.099914947327979, 0.1295013499374513, 1.541953852536288, 0.6567734418700417]
      time_from_start: 0
    - positions: [0.2584217323830684, 0.7976715121206391, -0.1819166107180488, -0.4975356739203077, -0.8270370478377559, 2.670880906127364, -1.451571518047888]
      time_from_start: 0