joint_trajectory:
  joint_names: [panda_joint1, panda_joint2, panda_joint3, panda_joint4, panda_joint5, panda_joint6, panda_joint7]
  points:
    - positions: [0, -0.785, 0, -2.356, 0, 1.571, 0.785]
      time_from_start: 0
    - positions: [2.815881210750407, -0.4263199916141753, -1.659713644560689, -0.9518224221468363, -2.0172807374879, 2.638927373697058, -0.8531891868176036]
      time_from_start: 0
    - positions: [2.8973, -0.9300149799104689, -1.754184050072399, -0.7248930106603505, -2.212330847174273, 2.31996854118985, -1.282463412235023]
      time_from_start: 0