joint_trajectory:
  joint_names: [panda_joint1, panda_joint2, panda_joint3, panda_joint4, panda_joint5, panda_joint6, panda_joint7]
  points:
    - positions: [0, -0.785, 0, -2.356, 0, 1.571, 0.785]
      time_from_start: 0
    - positions: [-2.383211554002923, 0.02228071476649496, -0.1966844127393955, -0.4137737285268956, 0.7949649263413394, 2.856684023485526, 1.322924434946821]
      time_from_start: 0
    - positions: [-0.6255599891040864, 0.2726191502788987, 1.788852352428328, -1.397691258150743, 1.990514143749584, 3.483287989040203, 1.621974040479595]
      time_from_start: 0
    - positions: [-0.6164979130615721, 0.2739414052068424, 1.81404491131064, -1.396392758236105, 1.999476254576267, 3.490224265968005, 1.616752113635149]
      time_from_start: 0