joint_trajectory:
  joint_names: [panda_joint1, panda_joint2, panda_joint3, panda_joint4, panda_joint5, panda_joint6, panda_joint7]
  points:
    - positions: [0, -0.785, 0, -2.356, 0, 1.571, 0.785]
      time_from_start: 0
    - positions: [-0.1924945211333831, -0.6395213153640195, 0.1359160690967472, -2.17094722473687, -0.228113484637501, 1.748065963544962, 0.3763492348412081]
      time_from_start: 0
    - positions: [-2.318297157715324, -0.7531352966875039, 1.94660934531981, -0.8325649500124539, -0.2005684708750612, 2.759021761242564, -1.501660644554431]
      time_from_start: 0
    - positions: [-2.560018102607497, -0.8414103663537142, 2.166067247761676, -0.7112741941013555, -0.08587374776299804, 2.832601846150045, -1.599779228954441]
      time_from_start: 0