joint_trajectory:
  joint_names: [panda_joint1, panda_joint2, panda_joint3, panda_joint4, panda_joint5, panda_joint6, panda_joint7]
  points:
    - positions: [0, -0.785, 0, -2.356, 0, 1.571, 0.785]
      time_from_start: 0
    - positions: [-1.273948388051939, -1.62468740708852, 2.399491436538337, -1.331256242016088, -1.143169396560216, 2.170684084878272, 0.003907978597331919]
      time_from_start: 0
    - positions: [-1.941395460870002, -1.745569208297134, 2.831583103559479, -0.9403879416097081, -1.890300592090073, 2.048180579713594, 0.3862376254084654]
      time_from_start: 0
    - positions: [-2.059578403381877, -1.7628, 2.8973, -0.873088014195588, -2.024531577374489, 2.020776967010256, 0.4642898954074971]
      time_from_start: 0