joint_trajectory:
  joint_names: [panda_joint1, panda_joint2, panda_joint3, panda_joint4, panda_joint5, panda_joint6, panda_joint7]
  points:
    - positions: [0, -0.785, 0, -2.356, 0, 1.571, 0.785]
      time_from_start: 0
    - positions: [2.358480228371151, 0.2815451810684986, -1.038102443147433, -1.18729786940904, 2.007764220954614, 3.135456064564452, 2.486000639859967]
      time_from_start: 0
    - positions: [1.718777664271439, 0.8814533421233368, -0.8314910623589684, -1.705956589304996, 2.257556141199823, 3.186883943032, 2.289717999251124]
      time_from_start: 0
    - positions: [1.720938428105848, 1.5715149845844, -1.364870923886077, -1.261310925784532, 2.562497997895515, 3.524690883823069, 2.897142952166309]
      time_from_start: 0