joint_trajectory:
  joint_names: [panda_joint1, panda_joint2, panda_joint3, panda_joint4, panda_joint5, panda_joint6, panda_joint7]
  points:
    - positions: [0, -0.785, 0, -2.356, 0, 1.571, 0.785]
      time_from_start: 0
    - positions: [-1.420068899501744, -0.3311745244271794, 0.1470414861870615, -1.737332210732332, -1.523741561550194, 3.433059960035422, -0.322435928025942]
      time_from_start: 0
    - positions: [-1.294139767054391, -0.1955797977529943, 1.664341579898281, -1.39291805836141, -1.66561125221156, 3.651006962729112, -0.4520262722455827]
      time_from_start: 0