joint_trajectory:
  joint_names: [panda_joint1, panda_joint2, panda_joint3, panda_joint4, panda_joint5, panda_joint6, panda_joint7]
  points:
    - positions: [0, -0.785, 0, -2.356, 0, 1.571, 0.785]
      time_from_start: 0
    - positions: [0.2517385069626452, -0.7794470670663931, -1.099826512593763, -1.989286401039633, -2.314485602308659, 2.8269727187946, -0.08298620355107755]
      time_from_start: 0
    - positions: [0.8671517028969329, -0.6479839226111745, -1.144236211666296, -2.018693068907524, -2.63910203073014, 2.836467855692906, -0.002873572927964613]
      time_from_start: 0
    - positions: [1.356647685046654, -0.5434189223207532, -1.179559421191371, -2.042082956977589, -2.8973, 2.844020230897708, 0.0608475352129238]
      time_from_start: 0