joint_trajectory:
  joint_names: [panda_joint1, panda_joint2, panda_joint3, panda_joint4, panda_joint5, panda_joint6, panda_joint7]
  points:
    - positions: [0, -0.785, 0, -2.356, 0, 1.571, 0.785]
      time_from_start: 0
    - positions: [1.355283206311381, 0.7246047611748798, 1.232177856459189, -0.5784660021674588, -2.638398595236708, 2.316913862943184, 2.137631850549113]
      time_from_start: 0
    - positions: [-2.545684975296316, -1.129761606225676, 2.775924964837099, -0.7047361283921976, 1.592543311584358, 3.7525, 2.735382453228894]
      time_from_start: 0