joint_trajectory:
  joint_names: [panda_joint1, panda_joint2, panda_joint3, panda_joint4, panda_joint5, panda_joint6, panda_joint7]
  points:
    - positions: [0, -0.785, 0, -2.356, 0, 1.571, 0.785]
      time_from_start: 0
    - positions: [2.183341238010893, 0.3206186847836682, -2.813650142734923, -1.602790215025676, 1.425879120115715, 2.925454120657817, 1.955568534767578]
      time_from_start: 0
    - positions: [2.89692294203231, 0.2418084144855847, -2.131542167555595, -1.685008635462375, 1.625660244388543, 3.003321640647837, 2.513542484654391]
      time_from_start: 0