joint_trajectory:
  joint_names: [panda_joint1, panda_joint2, panda_joint3, panda_joint4, panda_joint5, panda_joint6, panda_joint7]
  points:
    - positions: [0, -0.785, 0, -2.356, 0, 1.571, 0.785]
      time_from_start: 0
    - positions: [0.105395028005294, 0.6642810603055387, -0.7486985017989709, -2.380408742811042, 0.9708983528569881, 2.164497856787412, 0.9959200278331316]
      time_from_start: 0
    - positions: [-0.3193789381533333, 0.8188334899440837, 0.2520310403879897, -2.207987003068753, 2.846020357690787, 1.745411946380326, 0.6410848329137203]
      time_from_start: 0