joint_trajectory:
  joint_names: [panda_joint1, panda_joint2, panda_joint3, panda_joint4, panda_joint5, panda_joint6, panda_joint7]
  points:
    - positions: [0, -0.785, 0, -2.356, 0, 1.571, 0.785]
      time_from_start: 0
    - positions: [0.4110348246076218, -0.4999356910156563, -0.7584618526126947, -2.456905419505549, -1.149135436954958, 3.019668975733083, -0.8127382940011562]
      time_from_start: 0
    - positions: [1.625236087390479, -1.205064931448224, -1.229105043030983, -2.191192498499, -2.594977398119441, 2.533111671088419, -0.8469919773124835]
      time_from_start: 0