joint_trajectory:
  joint_names: [panda_joint1, panda_joint2, panda_joint3, panda_joint4, panda_joint5, panda_joint6, panda_joint7]
  points:
    - positions: [0, -0.785, 0, -2.356, 0, 1.571, 0.785]
      time_from_start: 0
    - positions: [2.542091203816095, -1.143838306140527, -0.956834350696532, -1.725108941552369, 1.30633461697055, 1.430786950339098, -0.429177398731746]
      time_from_start: 0
    - positions: [-1.50239359044061, -1.258934589024768, 2.205654718510393, -1.505981418157527, 1.530546058010857, 3.750150572736793, -2.675982637222718]
      time_from_start: 0