joint_trajectory:
  joint_names: [panda_joint1, panda_joint2, panda_joint3, panda_joint4, panda_joint5, panda_joint6, panda_joint7]
  points:
    - positions: [0, -0.785, 0, -2.356, 0, 1.571, 0.785]
      time_from_start: 0
    - positions: [2.625021661256317, 0.8791664008066055, -1.380662462440081, -2.795557140091463, 2.643836307935148, 2.513348682150353, 1.826673469845664]
      time_from_start: 0
    - positions: [1.227954487193541, 0.9839927784622655, -1.126819589630106, -1.485633996687867, 2.195526877145798, 3.187056743269429, 0.8419969574800792]
      time_from_start: 0
    - positions: [0.7881399248189292, 1.328131504196713, -1.300697265114429, -0.5998229377292259, 2.892697296079387, 3.590778813366945, 2.220156153440841]
      time_from_start: 0