joint_trajectory:
  joint_names: [panda_joint1, panda_joint2, panda_joint3, panda_joint4, panda_joint5, panda_joint6, panda_joint7]
  points:
    - positions: [0, -0.785, 0, -2.356, 0, 1.571, 0.785]
      time_from_start: 0
    - positions: [1.897113946153641, -0.8578398948194569, -2.396540995405374, -1.729598830809165, 0.676128214743746, 2.236817376499836, 0.371603906587068]
      time_from_start: 0
    - positions: [2.043492166663418, -1.151729149506609, -2.240198853354074, -1.70017093847064, 2.752654471130525, 2.317316252121747, 0.2114806186279068]
      time_from_start: 0