joint_trajectory:
  joint_names: [panda_joint1, panda_joint2, panda_joint3, panda_joint4, panda_joint5, panda_joint6, panda_joint7]
  points:
    - positions: [0, -0.785, 0, -2.356, 0, 1.571, 0.785]
      time_from_start: 0
    - positions: [-0.8150716813943675, -1.205218591082085, 1.552912436513328, -1.560803878508172, -1.226697748267612, 1.175035696721189, 0.7209766239051896]
      time_from_start: 0
    - positions: [-1.750747972154885, -1.674176021360546, 2.841225786228132, -1.128733460387495, -1.769388552955105, 1.741516263387302, 0.962221215874314]
      time_from_start: 0
    - positions: [-2.059578403381877, -1.7628, 2.8973, -0.8730880141955879, -2.024531577374489, 2.020776967010256, 0.4642898954074972]
      time_from_start: 0