joint_trajectory:
  joint_names: [panda_joint1, panda_joint2, panda_joint3, panda_joint4, panda_joint5, panda_joint6, panda_joint7]
  points:
    - positions: [0, -0.785, 0, -2.356, 0, 1.571, 0.785]
      time_from_start: 0
    - positions: [2.333160032047704, -0.8670088771697133, 2.481189657332375, -0.8033036228159443, -0.7576132161897609, 2.392972718321253, -0.009428947777300856]
      time_from_start: 0
    - positions: [-2.059578403381877, -1.7628, 2.8973, -0.8730880141955878, -2.024531577374489, 2.020776967010256, 0.464289895407497]
      time_from_start: 0