joint_trajectory:
  joint_names: [panda_joint1, panda_joint2, panda_joint3, panda_joint4, panda_joint5, panda_joint6, panda_joint7]
  points:
    - positions: [0, -0.785, 0, -2.356, 0, 1.571, 0.785]
      time_from_start: 0
    - positions: [1.005413032542475, -0.2712989913681889, -0.03634949967935251, -0.8671267039457931, 0.3727244229458343, 2.009809318065789, 0.199889757095375]
      time_from_start: 0
    - positions: [0.5148706278345714, 0.7559892299865393, -0.7447470785220114, -0.7093404376048894, -0.4111808310838091, 2.793896860734255, -1.482968998979313]
      time_from_start: 0