joint_trajectory:
  joint_names: [panda_joint1, panda_joint2, panda_joint3, panda_joint4, panda_joint5, panda_joint6, panda_joint7]
  points:
    - positions: [0, -0.785, 0, -2.356, 0, 1.571, 0.785]
      time_from_start: 0
    - positions: [0.774387160450569, 0.8000609271905716, 0.4265794634018114, -1.769260769966923, -0.3657409263441551, 1.528986503161161, 1.109046336867997]
      time_from_start: 0
    - positions: [0.9504287293212171, 1.479545024086599, 0.3780183800797243, -1.297060490929123, -1.256042816705943, 1.66740722562617, 0.8658140876968115]
      time_from_start: 0
    - positions: [0.8595373340408954, 1.7628, 0.1139473167039681, -0.8677143294801051, -2.400000103006874, 1.889923295095494, 0.3617979380994663]
      time_from_start: 0