joint_trajectory:
  joint_names: [panda_joint1, panda_joint2, panda_joint3, panda_joint4, panda_joint5, panda_joint6, panda_joint7]
  points:
    - positions: [0, -0.785, 0, -2.356, 0, 1.571, 0.785]
      time_from_start: 0
    - positions: [1.300520904487992, -1.034354932262367, -2.053593475343196, -1.710640875770851, 1.018227969451764, 2.363206053389998, 1.502565208550983]
      time_from_start: 0
    - positions: [2.387299193773388, -0.8970188207598009, -2.655831092428284, -1.72044688551966, 2.8973, 2.224636191068969, 0.5563925746882569]
      time_from_start: 0