joint_trajectory:
  joint_names: [panda_joint1, panda_joint2, panda_joint3, panda_joint4, panda_joint5, panda_joint6, panda_joint7]
  points:
    - positions: [0, -0.785, 0, -2.356, 0, 1.571, 0.785]
      time_from_start: 0
    - positions: [1.451578284682102, -0.04876609242419509, 0.5851673629228372, -1.06548722965332, -1.546410489312537, 1.656260547384637, 0.146431366975084]
      time_from_start: 0
    - positions: [-2.358320257330089, -1.762795033820698, -2.8972992827127, -0.8876209484488643, -2.540907958066617, 1.851200005274525, 0.3223194169340308]
      time_from_start: 0