joint_trajectory:
  joint_names: [panda_joint1, panda_joint2, panda_joint3, panda_joint4, panda_joint5, panda_joint6, panda_joint7]
  points:
    - positions: [0, -0.785, 0, -2.356, 0, 1.571, 0.785]
      time_from_start: 0
    - positions: [-0.002763291628726502, -0.6419931436538637, -1.117203879592981, -1.348514575897626, -1.139480273240395, 2.269267764036095, 0.9003682765709776]
      time_from_start: 0
    - positions: [1.967493278590112, 0.1325122596456689, -1.534329390822498, -1.405915655281507, -1.777134715619624, 3.596100270250579, -0.4031021474803771]
      time_from_start: 0