joint_trajectory:
  joint_names: [panda_joint1, panda_joint2, panda_joint3, panda_joint4, panda_joint5, panda_joint6, panda_joint7]
  points:
    - positions: [0, -0.785, 0, -2.356, 0, 1.571, 0.785]
      time_from_start: 0
    - positions: [-1.533898039532103, -0.7646921892970961, -0.2413126431998996, -1.170473009761814, -1.603681379018495, 2.048257766524649, -0.3152529271529768]
      time_from_start: 0
    - positions: [-2.112574316438892, -1.566270881074624, -0.4423809784589538, -0.9483160683466749, -2.89729234655059, 2.26712719528548, -2.067048262019958]
      time_from_start: 0