joint_trajectory:
  joint_names: [panda_joint1, panda_joint2, panda_joint3, panda_joint4, panda_joint5, panda_joint6, panda_joint7]
  points:
    - positions: [0, -0.785, 0, -2.356, 0, 1.571, 0.785]
      time_from_start: 0
    - positions: [-0.7740627578089945, -0.8946567665526644, -0.3340550100105348, -1.511012580152252, 1.721991266661137, 2.090738116437569, -2.477511469536135]
      time_from_start: 0
    - positions: [-2.831921508229827, -0.6912229088521565, 2.8973, -0.675800663646592, -0.8956007317472077, 2.706929386135804, -1.342621761542554]
      time_from_start: 0