joint_trajectory:
  joint_names: [panda_joint1, panda_joint2, panda_joint3, panda_joint4, panda_joint5, panda_joint6, panda_joint7]
  points:
    - positions: [0, -0.785, 0, -2.356, 0, 1.571, 0.785]
      time_from_start: 0
    - positions: [-1.024199659744566, 0.9217657170119054, 0.6082893155262803, -0.7890053502964964, 2.326944718658694, 3.102726522367369, 0.6608131682073839]
      time_from_start: 0
    - positions: [-0.4696139721410142, 0.2050296193669853, 1.463330226488525, -1.20606177228908, 2.858282118335325, 3.477908751982061, 0.8425652425732196]
      time_from_start: 0