joint_trajectory:
  joint_names: [panda_joint1, panda_joint2, panda_joint3, panda_joint4, panda_joint5, panda_joint6, panda_joint7]
  points:
    - positions: [0, -0.785, 0, -2.356, 0, 1.571, 0.785]
      time_from_start: 0
    - positions: [0.4547536972760025, -0.1837527581336941, 0.1419206568027423, -2.259925111225787, -0.58246496330477, 2.139415801632455, 0.4717547896584682]
      time_from_start: 0
    - positions: [0.6122529387099582, 1.131363121294322, -0.8148767806997697, -1.793565908016861, -2.678389406881272, 2.278092471891865, 1.379415980231181]
      time_from_start: 0
    - positions: [0.5638108548551475, 1.231494381010497, -0.9792026287240202, -1.739562731127255, -2.8973, 2.208911875356797, 1.563504922092543]
      time_from_start: 0