joint_trajectory:
  joint_names: [panda_joint1, panda_joint2, panda_joint3, panda_joint4, panda_joint5, panda_joint6, panda_joint7]
  points:
    - positions: [0, -0.785, 0, -2.356, 0, 1.571, 0.785]
      time_from_start: 0
    - positions: [2.325840751621733, 0.3579223277209325, 2.446145674766647, -1.340555246877275, 1.717188742514188, 3.226122375600971, -1.471595152846072]
      time_from_start: 0
    - positions: [-1.531321011430518, -1.276410252225761, 2.212190540420632, -1.409583713776855, 1.632927916820836, 3.7525, -2.803040974072815]
      time_from_start: 0