joint_trajectory:
  joint_names: [panda_joint1, panda_joint2, panda_joint3, panda_joint4, panda_joint5, panda_joint6, panda_joint7]
  points:
    - positions: [0, -0.785, 0, -2.356, 0, 1.571, 0.785]
      time_from_start: 0
    - positions: [-1.350254958294547, -1.564456510860766, 2.546937360350188, -1.49351069697062, -0.7217442341603826, 1.517585488349374, 0.4944818380235695]
      time_from_start: 0
    - positions: [-1.594904203875248, -1.642019810070751, 2.687218767286407, -1.291773767678988, -1.174084138120377, 1.692407073551285, 0.4958123358608462]
      time_from_start: 0
    - positions: [-2.059578403381877, -1.7628, 2.8973, -0.873088014195588, -2.024531577374489, 2.020776967010256, 0.4642898954074968]
      time_from_start: 0