joint_trajectory:
  joint_names: [panda_joint1, panda_joint2, panda_joint3, panda_joint4, panda_joint5, panda_joint6, panda_joint7]
  points:
    - positions: [0, -0.785, 0, -2.356, 0, 1.571, 0.785]
      time_from_start: 0
    - positions: [0.536538451553257, -0.01333901215316109, -0.08853513804189714, -2.292673721220516, -0.8546460440604191, 2.002734808036149, 1.037043543593168]
      time_from_start: 0
    - positions: [0.550029941141613, 1.117862513426166, -0.8729273811563532, -1.771756970400844, -2.752817030335347, 2.217066593050141, 1.485590356932722]
      time_from_start: 0
    - positions: [0.5289285345672454, 1.193022450521213, -0.9436721228140619, -1.724964183882444, -2.897299827555234, 2.219396607559038, 1.517642960940242]
      time_from_start: 0