joint_trajectory:
  joint_names: [panda_joint1, panda_joint2, panda_joint3, panda_joint4, panda_joint5, panda_joint6, panda_joint7]
  points:
    - positions: [0, -0.785, 0, -2.356, 0, 1.571, 0.785]
      time_from_start: 0
    - positions: [0.3818496807063791, -0.9396440978507095, 0.6742294810811845, -2.272532017177869, 0.8229486403250479, 1.124911017444859, 0.805924193708039]
      time_from_start: 0
    - positions: [-1.633659806162839, -1.711140640183535, 2.754087495603731, -1.19454837755607, -1.391517168666307, 1.726689528688752, 0.5378422117120505]
      time_from_start: 0
    - positions: [-2.059578403381877, -1.7628, 2.8973, -0.8730880141955879, -2.024531577374489, 2.020776967010256, 0.4642898954074972]
      time_from_start: 0