joint_trajectory:
  joint_names: [panda_joint1, panda_joint2, panda_joint3, panda_joint4, panda_joint5, panda_joint6, panda_joint7]
  points:
    - positions: [0, -0.785, 0, -2.356, 0, 1.571, 0.785]
      time_from_start: 0
    - positions: [-1.462279221589286, -1.69128009260785, 2.760031504848879, -1.193696165655236, -1.281027863145814, 1.806799467186447, 0.4458974284722211]
      time_from_start: 0
    - positions: [-2.059578403381877, -1.7628, 2.8973, -0.873088014195588, -2.024531577374489, 2.020776967010256, 0.4642898954074969]
      time_from_start: 0