joint_trajectory:
  joint_names: [panda_joint1, panda_joint2, panda_joint3, panda_joint4, panda_joint5, panda_joint6, panda_joint7]
  points:
    - positions: [0, -0.785, 0, -2.356, 0, 1.571, 0.785]
      time_from_start: 0
    - positions: [0.3205333363662869, 1.018210367188319, -1.224104793469686, -1.282488432539429, -1.263913301261772, 2.357948970918351, 0.2380002393534867]
      time_from_start: 0
    - positions: [0.4963700099409065, 1.131088328663415, -1.403784243897186, -0.9680897278909278, -1.491142186482339, 2.947341145755916, 0.7133416017906329]
      time_from_start: 0
    - positions: [0.6676857094695049, 1.549615212804496, -2.309981952296688, -0.5203618700070209, -1.883526149086361, 3.72023570392785, 1.673932366908034]
      time_from_start: 0