joint_trajectory:
  joint_names: [panda_joint1, panda_joint2, panda_joint3, panda_joint4, panda_joint5, panda_joint6, panda_joint7]
  points:
    - positions: [0, -0.785, 0, -2.356, 0, 1.571, 0.785]
      time_from_start: 0
    - positions: [1.593291750719015, 0.4845215774400219, -2.033170692723301, -2.025375422043863, 1.913211080700671, 2.321677226676376, 2.230484803346882]
      time_from_start: 0
    - positions: [2.174280233974669, 0.9599103219671594, -2.096165242517717, -1.754057848155596, 2.093272771836619, 2.334720192099498, 2.791289494296731]
      time_from_start: 0