joint_trajectory:
  joint_names: [panda_joint1, panda_joint2, panda_joint3, panda_joint4, panda_joint5, panda_joint6, panda_joint7]
  points:
    - positions: [0, -0.785, 0, -2.356, 0, 1.571, 0.785]
      time_from_start: 0
    - positions: [1.720443825041367, -0.2776384239919307, 0.3416259242655377, -2.121211094430194, -0.8009394802811577, 2.432641875615851, 0.8273749160821786]
      time_from_start: 0
    - positions: [1.254706815942775, 0.1647058692659802, 0.3732504903747256, -1.916862714516825, -2.568603008738451, 2.530577278877955, 0.2243542123048728]
      time_from_start: 0