joint_trajectory:
  joint_names: [panda_joint1, panda_joint2, panda_joint3, panda_joint4, panda_joint5, panda_joint6, panda_joint7]
  points:
    - positions: [0, -0.785, 0, -2.356, 0, 1.571, 0.785]
      time_from_start: 0
    - positions: [-0.2485934158697197, -0.8681103149722217, -0.2250856454863921, -2.379492254144306, 0.05320159677253157, 1.885803856131901, 0.1889837541096681]
      time_from_start: 0
    - positions: [1.470260305004456, -0.2597980318525357, -0.5690643946747844, -1.922205212908353, -0.2197358885852397, 3.078777822278681, -2.251236392213035]
      time_from_start: 0
    - positions: [1.785484367798847, -0.1986296285555287, -0.8987625342942425, -1.890011623538423, 0.02142124607849494, 3.339496402542471, -2.531178691274754]
      time_from_start: 0