joint_trajectory:
  joint_names: [panda_joint1, panda_joint2, panda_joint3, panda_joint4, panda_joint5, panda_joint6, panda_joint7]
  points:
    - positions: [0, -0.785, 0, -2.356, 0, 1.571, 0.785]
      time_from_start: 0
    - positions: [0.8717461973865045, -1.044033112893247, -0.8335191294644175, -2.44822568034808, -1.414559005431826, 3.333393284939214, -1.07074271015114]
      time_from_start: 0
    - positions: [2.008491547095755, -0.2761825434297461, -1.229992492180672, -1.712143566002436, -1.30136982424417, 3.241085266876906, -1.323368825502207]
      time_from_start: 0