joint_trajectory:
  joint_names: [panda_joint1, panda_joint2, panda_joint3, panda_joint4, panda_joint5, panda_joint6, panda_joint7]
  points:
    - positions: [0, -0.785, 0, -2.356, 0, 1.571, 0.785]
      time_from_start: 0
    - positions: [0.3680690283442929, -1.008999474285477, 2.011138730369534, -1.177180689666463, 0.04404318968626619, 2.037193607892178, 1.507342445908058]
      time_from_start: 0
    - positions: [-1.825851746966797, -1.707956180584987, 2.828516269005153, -0.9740305692891783, -1.546487809042047, 2.199184899122074, 0.7080049103460827]
      time_from_start: 0
    - positions: [-2.059578403381877, -1.7628, 2.8973, -0.873088014195588, -2.024531577374489, 2.020776967010256, 0.4642898954074969]
      time_from_start: 0