joint_trajectory:
  joint_names: [panda_joint1, panda_joint2, panda_joint3, panda_joint4, panda_joint5, panda_joint6, panda_joint7]
  points:
    - positions: [0, -0.785, 0, -2.356, 0, 1.571, 0.785]
      time_from_start: 0
    - positions: [-2.050139939602744, -0.2334982109013946, -2.872286563950172, -2.40611361228528, 1.678423251959402, 2.454667815237772, -1.778509724092856]
      time_from_start: 0
    - positions: [2.2463476665882, -1.066820243173517, -2.423400663909541, -2.160314629207611, 2.585979471497736, 1.96892629855235, 0.305655987904812]
      time_from_start: 0