joint_trajectory:
  joint_names: [panda_joint1, panda_joint2, panda_joint3, panda_joint4, panda_joint5, panda_joint6, panda_joint7]
  points:
    - positions: [0, -0.785, 0, -2.356, 0, 1.571, 0.785]
      time_from_start: 0
    - positions: [-0.2826988007280339, -0.7570318383695118, -0.2934824227674242, -2.400831098964957, 0.4064468794773697, 1.614186216873794, 1.135817554021672]
      time_from_start: 0
    - positions: [1.034453896976141, 1.457037804062666, -1.961262401947713, -2.305871842525768, 2.582820748648561, 2.078649922427951, 2.807621930717316]
      time_from_start: 0
    - positions: [1.381909760153629, 1.762799989645785, -2.022242140330794, -2.284033858507311, 2.745786737105301, 2.043249358829291, 2.877249050228424]
      time_from_start: 0