joint_trajectory:
  joint_names: [panda_joint1, panda_joint2, panda_joint3, panda_joint4, panda_joint5, panda_joint6, panda_joint7]
  points:
    - positions: [0, -0.785, 0, -2.356, 0, 1.571, 0.785]
      time_from_start: 0
    - positions: [-1.199274887351991, -1.60269491144164, 2.675208233053544, -1.211966874978864, -0.8765712528761008, 1.935393004366234, -0.1449946315444928]
      time_from_start: 0
    - positions: [-1.799767195579728, -1.717772560241162, 2.841026454617834, -0.9909076244596885, -1.6662313657334, 1.985556809479184, 0.2723989529887272]
      time_from_start: 0
    - positions: [-2.059578403381877, -1.7628, 2.8973, -0.873088014195588, -2.024531577374489, 2.020776967010256, 0.4642898954074971]
      time_from_start: 0