joint_trajectory:
  joint_names: [panda_joint1, panda_joint2, panda_joint3, panda_joint4, panda_joint5, panda_joint6, panda_joint7]
  points:
    - positions: [0, -0.785, 0, -2.356, 0, 1.571, 0.785]
      time_from_start: 0
    - positions: [-1.536209413150589, -1.620190187875883, 2.694180727670838, -1.222736644957435, -1.503805358535299, 2.120750721539094, 0.4717976509360505]
      time_from_start: 0
    - positions: [-1.763225651933044, -1.683560120660617, 2.78989793052445, -1.070685145394878, -1.729585841490816, 2.08044561607917, 0.4674846273084237]
      time_from_start: 0
    - positions: [-2.059578403381877, -1.7628, 2.8973, -0.873088014195588, -2.024531577374489, 2.020776967010256, 0.4642898954074971]
      time_from_start: 0