joint_trajectory:
  joint_names: [panda_joint1, panda_joint2, panda_joint3, panda_joint4, panda_joint5, panda_joint6, panda_joint7]
  points:
    - positions: [0, -0.785, 0, -2.356, 0, 1.571, 0.785]
      time_from_start: 0
    - positions: [0.07871054853908413, -1.037446343382701, 0.2512798283081794, -1.911684755217903, -0.9897987492263995, 2.260954968653823, -0.7247289391484151]
      time_from_start: 0
    - positions: [1.709832945700787, -0.1887775708353251, -0.8934083338173295, -1.883397986895658, -0.289837972269253, 3.341262317502009, -2.217636141512082]
      time_from_start: 0