joint_trajectory:
  joint_names: [panda_joint1, panda_joint2, panda_joint3, panda_joint4, panda_joint5, panda_joint6, panda_joint7]
  points:
    - positions: [0, -0.785, 0, -2.356, 0, 1.571, 0.785]
      time_from_start: 0
    - positions: [1.343837330715473, 1.025095058218412, -1.363054349634914, -1.671079255967024, 2.83491758831154, 3.102235230255475, 0.3976872101171612]
      time_from_start: 0
    - positions: [0.7733422862074041, 1.345400870348315, -1.290947803818779, -0.5571627009295524, 2.896521433608141, 3.595663281107106, 2.250034322311707]
      time_from_start: 0