joint_trajectory:
  joint_names: [panda_joint1, panda_joint2, panda_joint3, panda_joint4, panda_joint5, panda_joint6, panda_joint7]
  points:
    - positions: [0, -0.785, 0, -2.356, 0, 1.571, 0.785]
      time_from_start: 0
    - positions: [-1.901825536229089, -1.451243233611435, -2.784674371302407, -1.18393855771462, 2.220973633327149, 2.988297192992177, 0.2959807375262491]
      time_from_start: 0
    - positions: [2.156881512616203, -0.360548344292678, 1.362725635404698, -2.862228205728205, -2.097805080704624, 0.1342164375027642, 0.5624668106705415]
      time_from_start: 0
    - positions: [-1.810255052005699, 0.5503721968623235, 1.989584974372647, -2.066034602998938, -2.8973, 2.829186050125155, 0.05376899417348537]
      time_from_start: 0