joint_trajectory:
  joint_names: [panda_joint1, panda_joint2, panda_joint3, panda_joint4, panda_joint5, panda_joint6, panda_joint7]
  points:
    - positions: [0, -0.785, 0, -2.356, 0, 1.571, 0.785]
      time_from_start: 0
    - positions: [-1.554139271238737, -1.736235601759449, 2.804082390465973, -1.132991883745003, -1.882075189173972, 2.181616459153747, 0.2300558724234845]
      time_from_start: 0
    - positions: [-2.059578403381877, -1.7628, 2.8973, -0.8730880141955877, -2.024531577374489, 2.020776967010256, 0.4642898954074969]
      time_from_start: 0