joint_trajectory:
  joint_names: [panda_joint1, panda_joint2, panda_joint3, panda_joint4, panda_joint5, panda_joint6, panda_joint7]
  points:
    - positions: [0, -0.785, 0, -2.356, 0, 1.571, 0.785]
      time_from_start: 0
    - positions: [-1.503499060260132, -1.407541621148027, 2.203355594637431, -2.531397040808946, -1.200948772117868, 3.307758475393057, -0.6673899272186681]
      time_from_start: 0
    - positions: [-2.600919232726591, -1.140073550099752, 2.883090670832767, -0.6633568381780863, 1.517441381754704, 3.752494367274098, 2.711887675345563]
      time_from_start: 0