joint_trajectory:
  joint_names: [panda_joint1, panda_joint2, panda_joint3, panda_joint4, panda_joint5, panda_joint6, panda_joint7]
  points:
    - positions: [0, -0.785, 0, -2.356, 0, 1.571, 0.785]
      time_from_start: 0
    - positions: [0.09061318930752832, 0.08695326970240144, -2.017257407050049, -2.455455645925938, 2.032813084292545, 2.298490056653508, 1.104940854914858]
      time_from_start: 0
    - positions: [2.461824019637493, 0.3250886524214956, -2.682945365841588, -2.244434243019806, 2.796973754315418, 2.887211896847061, 1.730808576627117]
      time_from_start: 0
    - positions: [2.263393459099363, 0.3513766167606704, -2.256164094692807, -2.10557295523614, 2.682688206268464, 2.752036990600816, 1.487521394480235]
      time_from_start: 0