joint_trajectory:
  joint_names: [panda_joint1, panda_joint2, panda_joint3, panda_joint4, panda_joint5, panda_joint6, panda_joint7]
  points:
    - positions: [0, -0.785, 0, -2.356, 0, 1.571, 0.785]
      time_from_start: 0
    - positions: [-0.7715913660352716, 1.63620979148594, 1.203317213639768, -1.710743614275001, 2.45986533497515, 2.350983418855059, -0.2600441285782034]
      time_from_start: 0
    - positions: [-1.339897271480539, 1.757884290529644, 1.353838526176016, -1.616866114951992, 2.595448693938184, 2.593510400295994, -0.3860232666787052]
      time_from_start: 0
    - positions: [-1.370321799964172, 1.7628, 1.359525342228285, -1.611844982342252, 2.601043634776375, 2.605858196244243, -0.3906926075115787]
      time_from_start: 0