joint_trajectory:
  joint_names: [panda_joint1, panda_joint2, panda_joint3, panda_joint4, panda_joint5, panda_joint6, panda_joint7]
  points:
    - positions: [0, -0.785, 0, -2.356, 0, 1.571, 0.785]
      time_from_start: 0
    - positions: [-1.855528843565702, -1.455943826325309, -0.3881232143412515, -1.025067718496902, -2.81702542658184, 2.245098892810463, -1.929043792897465]
      time_from_start: 0
    - positions: [-2.112574316438892, -1.566270881074624, -0.4423809784589541, -0.948316068346675, -2.897292346550591, 2.26712719528548, -2.067048262019958]
      time_from_start: 0