joint_trajectory:
  joint_names: [panda_joint1, panda_joint2, panda_joint3, panda_joint4, panda_joint5, panda_joint6, panda_joint7]
  points:
    - positions: [0, -0.785, 0, -2.356, 0, 1.571, 0.785]
      time_from_start: 0
    - positions: [-0.08274743192284856, -0.6993975240023229, -1.365825165972112, -2.072493307333208, -2.108723761840479, 2.411809784685242, -0.4517462498562703]
      time_from_start: 0
    - positions: [1.540238682181729, -0.8676138799097992, -1.254541762512599, -2.106752228398417, -2.671660698611269, 2.699709289652263, -0.4792842087761408]
      time_from_start: 0