joint_trajectory:
  joint_names: [panda_joint1, panda_joint2, panda_joint3, panda_joint4, panda_joint5, panda_joint6, panda_joint7]
  points:
    - positions: [0, -0.785, 0, -2.356, 0, 1.571, 0.785]
      time_from_start: 0
    - positions: [-1.960759938254069, -1.581279028051173, -2.226549174378142, -1.800486308396088, -2.193136538470421, 2.209425063991828, 1.258782180618333]
      time_from_start: 0
    - positions: [-2.356697296728626, -1.762795481699231, -2.897298920969705, -0.8900890462022751, -2.538735936184559, 1.842560096636568, 0.3222370519032469]
      time_from_start: 0