joint_trajectory:
  joint_names: [panda_joint1, panda_joint2, panda_joint3, panda_joint4, panda_joint5, panda_joint6, panda_joint7]
  points:
    - positions: [0, -0.785, 0, -2.356, 0, 1.571, 0.785]
      time_from_start: 0
    - positions: [0.5300687708032041, -0.2603090230778075, 0.710688590161856, -2.129428273823247, 0.2340960341497729, 1.398698010420947, 0.9038294122071676]
      time_from_start: 0
    - positions: [1.254706815942775, 0.1647058692659805, 0.3732504903747257, -1.916862714516825, -2.568603008738451, 2.530577278877955, 0.2243542123048728]
      time_from_start: 0