joint_trajectory:
  joint_names: [panda_joint1, panda_joint2, panda_joint3, panda_joint4, panda_joint5, panda_joint6, panda_joint7]
  points:
    - positions: [0, -0.785, 0, -2.356, 0, 1.571, 0.785]
      time_from_start: 0
    - positions: [1.157488146176813, 1.028926178777964, -2.005031287608801, -2.004297425134674, 2.006574589904849, 2.188486998557633, 2.776268733227423]
      time_from_start: 0
    - positions: [2.060241487967708, 1.153291037183566, -2.167649565082066, -1.784967325033807, 2.220367807275302, 2.196690372681323, 2.8973]
      time_from_start: 0