joint_trajectory:
  joint_names: [panda_joint1, panda_joint2, panda_joint3, panda_joint4, panda_joint5, panda_joint6, panda_joint7]
  points:
    - positions: [0, -0.785, 0, -2.356, 0, 1.571, 0.785]
      time_from_start: 0
    - positions: [0.3739206775254234, -0.4693499082951911, 0.8115527156145609, -1.833546636436488, 0.2885208498792838, 2.226078166387084, 1.670931739794164]
      time_from_start: 0
    - positions: [-0.02209801528318284, -0.06669505740513265, 1.364649710293038, -1.521893541717992, 1.221660826467033, 2.921730914420415, 1.674097794420043]
      time_from_start: 0
    - positions: [-0.5574093615249681, 0.2866861536569688, 1.746369007459532, -1.324685236769279, 2.162143052476006, 3.502148372408601, 1.434504922150498]
      time_from_start: 0