joint_trajectory:
  joint_names: [panda_joint1, panda_joint2, panda_joint3, panda_joint4, panda_joint5, panda_joint6, panda_joint7]
  points:
    - positions: [0, -0.785, 0, -2.356, 0, 1.571, 0.785]
      time_from_start: 0
    - positions: [0.6161934670769096, -0.5148373871665509, 0.6325630921792731, -2.103147137274216, -0.2554321357775129, 3.121561575777165, -0.01473153397674336]
      time_from_start: 0
    - positions: [0.5298618176147267, 1.187375918279698, -0.9386597489134253, -1.730466392900269, -2.8973, 2.208499803516531, 1.507525973432909]
      time_from_start: 0