joint_trajectory:
  joint_names: [panda_joint1, panda_joint2, panda_joint3, panda_joint4, panda_joint5, panda_joint6, panda_joint7]
  points:
    - positions: [0, -0.785, 0, -2.356, 0, 1.571, 0.785]
      time_from_start: 0
    - positions: [0.8447230074076328, 0.5062347374679157, -0.9214409061438649, -1.713216287536439, -1.496440385838691, 3.118349574075891, 1.824631408643388]
      time_from_start: 0
    - positions: [0.738127871086955, 1.39724210594135, -1.611468699180674, -0.4816665276935243, -2.831423608983747, 3.617119996828335, 1.968581832307151]
      time_from_start: 0