joint_trajectory:
  joint_names: [panda_joint1, panda_joint2, panda_joint3, panda_joint4, panda_joint5, panda_joint6, panda_joint7]
  points:
    - positions: [0, -0.785, 0, -2.356, 0, 1.571, 0.785]
      time_from_start: 0
    - positions: [1.144219515674153, -1.264064389535348, -0.8755622216708545, -2.31571725400127, -2.630595382444751, 3.07196990175131, -0.2618339301389186]
      time_from_start: 0
    - positions: [1.511034451186681, -0.8639256245601322, -1.244621896160349, -2.118987065224765, -2.657567400755414, 2.71891076363347, -0.4908411502920368]
      time_from_start: 0