joint_trajectory:
  joint_names: [panda_joint1, panda_joint2, panda_joint3, panda_joint4, panda_joint5, panda_joint6, panda_joint7]
  points:
    - positions: [0, -0.785, 0, -2.356, 0, 1.571, 0.785]
      time_from_start: 0
    - positions: [-0.9928847754453487, -0.3095025435447254, 0.3119783523047255, -1.999954853713549, 2.603685143924972, 2.72773934969452, 1.133045444641731]
      time_from_start: 0
    - positions: [-0.7937926295635115, -0.2871080419949974, 0.8126105864156593, -2.083767632594799, 2.717758951126587, 2.759893765455467, 1.389941095383044]
      time_from_start: 0