joint_trajectory:
  joint_names: [panda_joint1, panda_joint2, panda_joint3, panda_joint4, panda_joint5, panda_joint6, panda_joint7]
  points:
    - positions: [0, -0.785, 0, -2.356, 0, 1.571, 0.785]
      time_from_start: 0
    - positions: [2.485080743996427, -0.7697608896682039, 1.907865821994748, -1.220677790702041, -0.8978080522380303, 2.114789538162295, 1.513259507552721]
      time_from_start: 0
    - positions: [-1.475362760283524, -0.7659033158053355, 2.190062834439481, -1.777611493912468, -1.952707971913425, 2.518627117734136, 0.4043581475944388]
      time_from_start: 0