joint_trajectory:
  joint_names: [panda_joint1, panda_joint2, panda_joint3, panda_joint4, panda_joint5, panda_joint6, panda_joint7]
  points:
    - positions: [0, -0.785, 0, -2.356, 0, 1.571, 0.785]
      time_from_start: 0
    - positions: [0.9872544173084561, -0.7519304587394955, -0.8720906880666548, -2.090454413167009, -0.1743321713309193, 1.993768357325777, -0.9664192282018512]
      time_from_start: 0
    - positions: [0.5209132505435335, 0.7497688941958139, -0.7388917877817861, -0.7187192115144898, -0.4244850949598314, 2.79288372055928, -1.47704409669975]
      time_from_start: 0