joint_trajectory:
  joint_names: [panda_joint1, panda_joint2, panda_joint3, panda_joint4, panda_joint5, panda_joint6, panda_joint7]
  points:
    - positions: [0, -0.785, 0, -2.356, 0, 1.571, 0.785]
      time_from_start: 0
    - positions: [-0.2802861623022732, -0.3246030057280938, -0.9587648623558149, -2.26671176708601, -2.489891016723493, 1.811319920712849, 0.8340756899562046]
      time_from_start: 0
    - positions: [1.254706815942775, 0.1647058692659804, 0.3732504903747256, -1.916862714516825, -2.568603008738451, 2.530577278877955, 0.2243542123048728]
      time_from_start: 0