joint_trajectory:
  joint_names: [panda_joint1, panda_joint2, panda_joint3, panda_joint4, panda_joint5, panda_joint6, panda_joint7]
  points:
    - positions: [0, -0.785, 0, -2.356, 0, 1.571, 0.785]
      time_from_start: 0
    - positions: [-2.829170788873179, 0.3258718077793694, 1.3583034803239, -0.7178268331656676, 2.464602931007324, 3.463410744950969, 2.211361738519358]
      time_from_start: 0
    - positions: [-2.423463434821028, -1.335948942661364, 1.907663573368179, -0.4595580428127901, 2.844298706976546, 3.642243703782336, 2.223813653164648]
      time_from_start: 0