joint_trajectory:
  joint_names: [panda_joint1, panda_joint2, panda_joint3, panda_joint4, panda_joint5, panda_joint6, panda_joint7]
  points:
    - positions: [0, -0.785, 0, -2.356, 0, 1.571, 0.785]
      time_from_start: 0
    - positions: [-0.6173459346023475, -1.118234769422262, 2.581743030212432, -1.489311214727818, -0.5749733398933929, 2.041456078292873, 1.02139054208516]
      time_from_start: 0
    - positions: [-1.795781114997591, -1.661057185003866, 2.829340483302587, -1.056089737176702, -1.616303577908707, 2.048188328633999, 0.6390147310037085]
      time_from_start: 0
    - positions: [-2.059578403381877, -1.7628, 2.8973, -0.873088014195588, -2.024531577374489, 2.020776967010256, 0.4642898954074969]
      time_from_start: 0