joint_trajectory:
  joint_names: [panda_joint1, panda_joint2, panda_joint3, panda_joint4, panda_joint5, panda_joint6, panda_joint7]
  points:
    - positions: [0, -0.785, 0, -2.356, 0, 1.571, 0.785]
      time_from_start: 0
    - positions: [-0.949211661185384, -1.22857143168095, 1.918439081783204, -2.491985116303894, -0.6765897213096874, 2.623222081551416, -0.6059327286349302]
      time_from_start: 0
    - positions: [-1.382557153882829, -1.275826962307496, 2.342490256389747, -2.448464037853617, -1.200390355393576, 2.658698103467706, -0.4257456971460033]
      time_from_start: 0
    - positions: [-2.199400689149769, -1.151609690569805, 2.356364006966466, -2.192381771630749, -2.824003691144126, 1.76879968300738, 1.458557520900035]
      time_from_start: 0