joint_trajectory:
  joint_names: [panda_joint1, panda_joint2, panda_joint3, panda_joint4, panda_joint5, panda_joint6, panda_joint7]
  points:
    - positions: [0, -0.785, 0, -2.356, 0, 1.571, 0.785]
      time_from_start: 0
    - positions: [-0.8947466727909346, -1.184948741299845, 0.7748605357981715, -2.896899185168324, 1.261458462315872, 3.712780638244179, 0.4837557918142574]
      time_from_start: 0
    - positions: [-2.420291627779248, -1.331599997101972, 1.912595640770513, -0.4667690134497828, 2.844459736762126, 3.641643108694625, 2.226268468999333]
      time_from_start: 0