joint_trajectory:
  joint_names: [panda_joint1, panda_joint2, panda_joint3, panda_joint4, panda_joint5, panda_joint6, panda_joint7]
  points:
    - positions: [0, -0.785, 0, -2.356, 0, 1.571, 0.785]
      time_from_start: 0
    - positions: [1.112864591300302, 0.7021322531653011, -2.129745690042933, -2.003773342760651, 1.623390872332574, 2.256051064037906, 2.205045175753956]
      time_from_start: 0
    - positions: [1.843226776377083, 1.075716529403181, -2.167429105801414, -1.83900739706651, 2.103660088341304, 2.203146575273605, 2.744874697893726]
      time_from_start: 0
    - positions: [2.04990937996555, 1.180914821934421, -2.176916752147067, -1.792438290675969, 2.239063700722599, 2.187740732752914, 2.8973]
      time_from_start: 0