joint_trajectory:
  joint_names: [panda_joint1, panda_joint2, panda_joint3, panda_joint4, panda_joint5, panda_joint6, panda_joint7]
  points:
    - positions: [0, -0.785, 0, -2.356, 0, 1.571, 0.785]
      time_from_start: 0
    - positions: [-0.3098403483167605, -0.08987921426982506, 0.2858878010893917, -2.434779180115098, -0.8131496926822372, 2.023887699391353, 1.113048686363162]
      time_from_start: 0
    - positions: [0.08971736285571211, 0.8740436384728987, -0.04391472038529012, -2.357070678926401, -2.310191300673498, 2.127488975270628, 1.415982721338422]
      time_from_start: 0
    - positions: [0.8275063181521657, 1.062873963770617, -0.6861412247015033, -2.193155443403264, -2.897299999798683, 1.730687572539517, 1.354456668481279]
      time_from_start: 0