joint_trajectory:
  joint_names: [panda_joint1, panda_joint2, panda_joint3, panda_joint4, panda_joint5, panda_joint6, panda_joint7]
  points:
    - positions: [0, -0.785, 0, -2.356, 0, 1.571, 0.785]
      time_from_start: 0
    - positions: [-1.124149018790635, -1.453463344398211, 2.341445625053717, -1.5545513165685, -0.8676183670212559, 2.122159800377004, 0.3494489146176476]
      time_from_start: 0
    - positions: [-1.848727469363724, -1.697528154728791, 2.777424055274785, -1.02834902079332, -1.748904195691064, 2.053851191509444, 0.4269445152129864]
      time_from_start: 0
    - positions: [-2.059578403381877, -1.7628, 2.8973, -0.873088014195588, -2.024531577374489, 2.020776967010256, 0.4642898954074969]
      time_from_start: 0