joint_trajectory:
  joint_names: [panda_joint1, panda_joint2, panda_joint3, panda_joint4, panda_joint5, panda_joint6, panda_joint7]
  points:
    - positions: [0, -0.785, 0, -2.356, 0, 1.571, 0.785]
      time_from_start: 0
    - positions: [-2.858142531247081, 0.1146547392728829, -2.176467397045833, -2.413307267580233, -1.844666963701532, 2.117670788685555, -0.7539861194012313]
      time_from_start: 0
    - positions: [-2.54237269015751, -0.5336840599854202, -2.793713215890616, -1.834905571007962, -2.297613710665344, 2.023241768281863, 0.09463449956223689]
      time_from_start: 0