joint_trajectory:
  joint_names: [panda_joint1, panda_joint2, panda_joint3, panda_joint4, panda_joint5, panda_joint6, panda_joint7]
  points:
    - positions: [0, -0.785, 0, -2.356, 0, 1.571, 0.785]
      time_from_start: 0
    - positions: [1.028058757933374, -0.8624560145297202, 0.06216094388914693, -1.918063906842825, 1.240404305237871, 1.547723213889316, 1.090941495229471]
      time_from_start: 0
    - positions: [1.875196569571688, 0.6761259540622586, -0.7050764447971296, -1.81062876824273, 1.720022918318872, 3.365770180508261, -1.568551717112773]
      time_from_start: 0
    - positions: [1.637870951445472, 1.241088921392405, -0.9318151029765646, -1.505231220928283, 1.515921739043078, 3.7525, -2.683287574039104]
      time_from_start: 0