joint_trajectory:
  joint_names: [panda_joint1, panda_joint2, panda_joint3, panda_joint4, panda_joint5, panda_joint6, panda_joint7]
  points:
    - positions: [0, -0.785, 0, -2.356, 0, 1.571, 0.785]
      time_from_start: 0
    - positions: [-2.49892270252735, -1.240861563235539, 0.557620314321845, -0.6394571517359422, 1.855321099396615, 2.389205608705171, -1.653969521897244]
      time_from_start: 0
    - positions: [-2.673187915359442, -1.346496884575301, 0.6689363019160027, -0.5461366943311039, 1.847099544045729, 2.455150307188521, -1.999861522529369]
      time_from_start: 0