joint_trajectory:
  joint_names: [panda_joint1, panda_joint2, panda_joint3, panda_joint4, panda_joint5, panda_joint6, panda_joint7]
  points:
    - positions: [0, -0.785, 0, -2.356, 0, 1.571, 0.785]
      time_from_start: 0
    - positions: [0.8116749332986064, 0.2377387797448301, 1.741692972265004, -2.388464719393192, -0.04382111187499187, 2.105016396553811, 0.4823816140656059]
      time_from_start: 0
    - positions: [1.250410507498291, 0.1732321575050452, 0.4152422714521475, -1.92749617226682, -2.513146540846066, 2.524789837762931, 0.2280063648790036]
      time_from_start: 0
    - positions: [1.254706815942775, 0.1647058692659804, 0.3732504903747256, -1.916862714516825, -2.56860300873845, 2.530577278877955, 0.2243542123048729]
      time_from_start: 0