joint_trajectory:
  joint_names: [panda_joint1, panda_joint2, panda_joint3, panda_joint4, panda_joint5, panda_joint6, panda_joint7]
  points:
    - positions: [0, -0.785, 0, -2.356, 0, 1.571, 0.785]
      time_from_start: 0
    - positions: [-1.342524764562431, 0.1100619123380631, -1.614300244980506, -1.005310960647324, -2.043467022917857, 2.163159407610074, 0.812684794594571]
      time_from_start: 0
    - positions: [1.254706815942775, 0.1647058692659806, 0.3732504903747255, -1.916862714516825, -2.568603008738451, 2.530577278877955, 0.2243542123048728]
      time_from_start: 0