joint_trajectory:
  joint_names: [panda_joint1, panda_joint2, panda_joint3, panda_joint4, panda_joint5, panda_joint6, panda_joint7]
  points:
    - positions: [0, -0.785, 0, -2.356, 0, 1.571, 0.785]
      time_from_start: 0
    - positions: [1.813700141369092, -0.2695741419680364, -2.895833342629402, -0.7255918717403538, -2.138955451214938, 3.416003715701999, -0.5196259492786688]
      time_from_start: 0
    - positions: [2.8973, -0.001633084019135113, -2.33651592732556, -1.450438618017861, -1.896294456488889, 3.490020443113983, -0.443845850015707]
      time_from_start: 0