joint_trajectory:
  joint_names: [panda_joint1, panda_joint2, panda_joint3, panda_joint4, panda_joint5, panda_joint6, panda_joint7]
  points:
    - positions: [0, -0.785, 0, -2.356, 0, 1.571, 0.785]
      time_from_start: 0
    - positions: [-0.4800727230751858, -1.283660409426759, 1.737285324600536, -1.70096418936033, -0.1157534186879856, 2.098127040317944, 1.125769016337593]
      time_from_start: 0
    - positions: [-1.865730022755014, -1.750807047900829, 2.892944681032742, -0.9466444523059119, -1.806721304210904, 2.137876998344538, 0.5768763994570882]
      time_from_start: 0
    - positions: [-2.059578403381877, -1.7628, 2.8973, -0.8730880141955877, -2.024531577374489, 2.020776967010256, 0.4642898954074969]
      time_from_start: 0