joint_trajectory:
  joint_names: [panda_joint1, panda_joint2, panda_joint3, panda_joint4, panda_joint5, panda_joint6, panda_joint7]
  points:
    - positions: [0, -0.785, 0, -2.356, 0, 1.571, 0.785]
      time_from_start: 0
    - positions: [-0.3948629095107014, -0.5036741439030094, 1.540313457788982, -2.263120995846132, -0.6571815379871258, 1.505656958142982, -0.7946442049167409]
      time_from_start: 0
    - positions: [-2.031584738494036, -0.5247893530169218, 2.893117160383137, -1.827808702490227, -2.152853812751089, 2.192315839812679, 0.2301926584297146]
      time_from_start: 0