joint_trajectory:
  joint_names: [panda_joint1, panda_joint2, panda_joint3, panda_joint4, panda_joint5, panda_joint6, panda_joint7]
  points:
    - positions: [0, -0.785, 0, -2.356, 0, 1.571, 0.785]
      time_from_start: 0
    - positions: [-0.3523452095135086, -0.5546688738702532, -0.4817733384512058, -2.283736097747745, -0.2307032704333337, 1.739710193655479, 0.3152321623902601]
      time_from_start: 0
    - positions: [1.012456398814391, 0.1175472082302814, 0.1962172429665846, -1.901141563380682, -2.499263539657626, 2.504676493710176, 0.1577008214039251]
      time_from_start: 0
    - positions: [1.254706815942775, 0.1647058692659805, 0.3732504903747255, -1.916862714516825, -2.56860300873845, 2.530577278877955, 0.2243542123048728]
      time_from_start: 0