joint_trajectory:
  joint_names: [panda_joint1, panda_joint2, panda_joint3, panda_joint4, panda_joint5, panda_joint6, panda_joint7]
  points:
    - positions: [0, -0.785, 0, -2.356, 0, 1.571, 0.785]
      time_from_start: 0
    - positions: [-0.3415087294340768, -0.4562883456358369, -0.6080890796078191, -2.021116708421878, -1.723666824561078, 2.582186826782631, 1.034738036247114]
      time_from_start: 0
    - positions: [0.8106455425041423, 0.01935077954012354, 0.07660863515464773, -1.924659802325301, -2.446609981481422, 2.604312682799344, 0.4543332690593106]
      time_from_start: 0
    - positions: [1.254706815942775, 0.1647058692659806, 0.3732504903747254, -1.916862714516825, -2.56860300873845, 2.530577278877955, 0.2243542123048728]
      time_from_start: 0