joint_trajectory:
  joint_names: [panda_joint1, panda_joint2, panda_joint3, panda_joint4, panda_joint5, panda_joint6, panda_joint7]
  points:
    - positions: [0, -0.785, 0, -2.356, 0, 1.571, 0.785]
      time_from_start: 0
    - positions: [-1.507603589503653, -0.1443184361513703, -2.877191671511764, -0.1042988262352069, 0.7177430532977915, 3.120086016268469, 0.3350596879719756]
      time_from_start: 0
    - positions: [-2.561074067401454, -1.149430487612406, 2.810661834539907, -0.626842731408056, 1.638597506413956, 3.7525, 2.643073258329004]
      time_from_start: 0