joint_trajectory:
  joint_names: [panda_joint1, panda_joint2, panda_joint3, panda_joint4, panda_joint5, panda_joint6, panda_joint7]
  points:
    - positions: [0, -0.785, 0, -2.356, 0, 1.571, 0.785]
      time_from_start: 0
    - positions: [-2.255959034418364, -1.093496627172967, 1.61601382962082, -0.5646324239425711, 2.732007784448374, 3.551017635963785, 2.20499866895014]
      time_from_start: 0
    - positions: [-2.291672777694165, -1.148205341691356, 1.687356993924885, -0.5636476728930687, 2.773330448327878, 3.555810810538475, 2.199607517927322]
      time_from_start: 0
    - positions: [-2.398814007521567, -1.312331485246525, 1.901386486837078, -0.5606934197445617, 2.89729843996639, 3.570190334262542, 2.183434064858866]
      time_from_start: 0