joint_trajectory:
  joint_names: [panda_joint1, panda_joint2, panda_joint3, panda_joint4, panda_joint5, panda_joint6, panda_joint7]
  points:
    - positions: [0, -0.785, 0, -2.356, 0, 1.571, 0.785]
      time_from_start: 0
    - positions: [-1.605128382573039, -1.664527308918887, 2.825672378815482, -1.015673645388358, -1.731042731464007, 1.947313022186349, 0.3712145791897372]
      time_from_start: 0
    - positions: [-1.852645231385169, -1.058111369623515, 2.514997016511731, -2.136129804498994, -1.826858727487093, 3.329114652245771, -0.09490678403950148]
      time_from_start: 0
    - positions: [-2.059578403381877, -1.7628, 2.8973, -0.8730880141955879, -2.024531577374489, 2.020776967010256, 0.4642898954074972]
      time_from_start: 0