joint_trajectory:
  joint_names: [panda_joint1, panda_joint2, panda_joint3, panda_joint4, panda_joint5, panda_joint6, panda_joint7]
  points:
    - positions: [0, -0.785, 0, -2.356, 0, 1.571, 0.785]
      time_from_start: 0
    - positions: [-0.3067825005458491, -1.091162118275957, 1.337010753270969, -1.488899176662805, 0.1216805595501165, 1.814697868136892, -0.9096914364377847]
      time_from_start: 0
    - positions: [-0.4416447794245896, -0.2775760639275195, 2.457617014996919, -1.518667697822788, -1.76649346963817, 2.771493012865366, -0.9762915558340736]
      time_from_start: 0
    - positions: [-0.5570721461335993, 1.053532423727741, 2.067372189942814, -1.703888136371122, -1.980301683235067, 2.540169711766369, -1.411094806387348]
      time_from_start: 0