joint_trajectory:
  joint_names: [panda_joint1, panda_joint2, panda_joint3, panda_joint4, panda_joint5, panda_joint6, panda_joint7]
  points:
    - positions: [0, -0.785, 0, -2.356, 0, 1.571, 0.785]
      time_from_start: 0
    - positions: [-0.2979460753456699, -1.120749248997481, 0.0690938032636797, -2.228639448370066, -0.4759678906847774, 1.483912892863877, 0.6274129554430876]
      time_from_start: 0
    - positions: [0.4265384227154703, -0.4930777344135847, 0.9480287134979829, -2.315445290612126, -2.460870545626339, 2.152382753078839, 0.3458473663828723]
      time_from_start: 0
    - positions: [1.254706815942775, 0.1647058692659802, 0.3732504903747257, -1.916862714516825, -2.568603008738451, 2.530577278877955, 0.2243542123048728]
      time_from_start: 0