joint_trajectory:
  joint_names: [panda_joint1, panda_joint2, panda_joint3, panda_joint4, panda_joint5, panda_joint6, panda_joint7]
  points:
    - positions: [0, -0.785, 0, -2.356, 0, 1.571, 0.785]
      time_from_start: 0
    - positions: [1.324142391157673, -0.006556030470987073, 0.7729855613875543, -2.340568049700136, -1.458613051031665, 2.76451729792907, -0.2380326072087607]
      time_from_start: 0
    - positions: [1.254706815942775, 0.1647058692659802, 0.3732504903747257, -1.916862714516825, -2.568603008738451, 2.530577278877955, 0.2243542123048728]
      time_from_start: 0