joint_trajectory:
  joint_names: [panda_joint1, panda_joint2, panda_joint3, panda_joint4, panda_joint5, panda_joint6, panda_joint7]
  points:
    - positions: [0, -0.785, 0, -2.356, 0, 1.571, 0.785]
      time_from_start: 0
    - positions: [-1.154412387799318, -1.393498995849656, 2.277406438114396, -1.69831815528246, -1.220657370359072, 2.397842582008718, 0.871128991048904]
      time_from_start: 0
    - positions: [-2.059578403381877, -1.7628, 2.8973, -0.8730880141955877, -2.024531577374489, 2.020776967010256, 0.4642898954074969]
      time_from_start: 0