joint_trajectory:
  joint_names: [panda_joint1, panda_joint2, panda_joint3, panda_joint4, panda_joint5, panda_joint6, panda_joint7]
  points:
    - positions: [0, -0.785, 0, -2.356, 0, 1.571, 0.785]
      time_from_start: 0
    - positions: [-0.8450581001163464, 0.1324623477695265, 1.520559848360176, -1.754187469682668, 0.549383458384534, 2.658640817565665, 0.7253486874052708]
      time_from_start: 0
    - positions: [-0.1477456815513037, 1.007340128155124, 1.468598190703176, -0.5697133412337211, -2.282229989774907, 2.337688061373878, -1.38163129978577]
      time_from_start: 0