joint_trajectory:
  joint_names: [panda_joint1, panda_joint2, panda_joint3, panda_joint4, panda_joint5, panda_joint6, panda_joint7]
  points:
    - positions: [0, -0.785, 0, -2.356, 0, 1.571, 0.785]
      time_from_start: 0
    - positions: [-2.018597575144364, -1.498826896687692, -0.379328477851253, -0.9219091696282687, -2.754476152476542, 2.286994537772792, -1.963078473425031]
      time_from_start: 0
    - positions: [-2.112574316438892, -1.566270881074624, -0.442380978458954, -0.948316068346675, -2.897292346550591, 2.267127195285481, -2.067048262019958]
      time_from_start: 0