joint_trajectory:
  joint_names: [panda_joint1, panda_joint2, panda_joint3, panda_joint4, panda_joint5, panda_joint6, panda_joint7]
  points:
    - positions: [0, -0.785, 0, -2.356, 0, 1.571, 0.785]
      time_from_start: 0
    - positions: [1.68926970016367, 0.3819830396966725, 0.1411070259986746, -1.876423576221052, 1.324520396037499, 2.81876307768417, 1.038536791508548]
      time_from_start: 0
    - positions: [2.139777914751873, -0.0006017337830339087, -0.4036616346923464, -1.681306481386462, 1.438736043543731, 3.210979797853641, 1.333384249983148]
      time_from_start: 0
    - positions: [2.728258390287435, -0.5825755769395441, -1.183406061824082, -1.423701257350273, 1.530679563732672, 3.7525, 1.734643587622128]
      time_from_start: 0