joint_trajectory:
  joint_names: [panda_joint1, panda_joint2, panda_joint3, panda_joint4, panda_joint5, panda_joint6, panda_joint7]
  points:
    - positions: [0, -0.785, 0, -2.356, 0, 1.571, 0.785]
      time_from_start: 0
    - positions: [-0.004461240266222515, -0.1937171329621372, -1.010939362472493, -2.456758901522969, 1.283958086906997, 1.895155544739098, 1.145590085294232]
      time_from_start: 0
    - positions: [-0.6025303274538962, 0.7309908981407429, 0.06144433807982774, -1.898508771206991, 2.684459822298835, 2.172013450649367, 0.7164204784203385]
      time_from_start: 0
    - positions: [-0.7680672157656522, 0.9067257124290419, 0.498121260254994, -1.72959175004671, 2.8973, 2.204434526530052, 0.5476995612745581]
      time_from_start: 0