joint_trajectory:
  joint_names: [panda_joint1, panda_joint2, panda_joint3, panda_joint4, panda_joint5, panda_joint6, panda_joint7]
  points:
    - positions: [0, -0.785, 0, -2.356, 0, 1.571, 0.785]
      time_from_start: 0
    - positions: [0.00660383521288482, -0.1036597496084994, 0.08838351737718264, -2.528423180944788, -1.199352033537057, 2.622784585000527, -0.9802490667034286]
      time_from_start: 0
    - positions: [0.5920338770686866, 1.762616503425201, -0.009177767418164505, -0.8386998530877805, 0.005829097702699118, 2.603299612823053, -0.3369078394359514]
      time_from_start: 0