joint_trajectory:
  joint_names: [panda_joint1, panda_joint2, panda_joint3, panda_joint4, panda_joint5, panda_joint6, panda_joint7]
  points:
    - positions: [0, -0.785, 0, -2.356, 0, 1.571, 0.785]
      time_from_start: 0
    - positions: [0.004055984414935057, -0.5566947009923575, 0.2625287450636348, -2.397048727000056, 0.2400226033131916, 1.600416868500545, 0.4097198569307238]
      time_from_start: 0
    - positions: [-0.0873841093006377, 0.4987806307597227, 0.6343113077760922, -2.111397117492856, 2.169410478850958, 2.090825691130452, 0.5697223783177845]
      time_from_start: 0
    - positions: [0.5859663494471751, 1.762632751131589, -0.01274676960179097, -0.8524100191811664, 0.0162756586132686, 2.62233025616854, -0.3645079285736996]
      time_from_start: 0