joint_trajectory:
  joint_names: [panda_joint1, panda_joint2, panda_joint3, panda_joint4, panda_joint5, panda_joint6, panda_joint7]
  points:
    - positions: [0, -0.785, 0, -2.356, 0, 1.571, 0.785]
      time_from_start: 0
    - positions: [-0.07712923120852494, -0.6197884816425255, 0.2747057579947754, -2.508361839458817, 0.3511995931938777, 1.778167349860142, -0.2986635329593889]
      time_from_start: 0
    - positions: [-0.1474910427407169, 0.008424027090672248, 0.5625477285301927, -2.439831120846967, 0.5923690101672709, 1.993700148287393, -1.251956744506017]
      time_from_start: 0
    - positions: [0.5719152059885635, 1.762799976770281, 0.0129857658252838, -0.8482757592331277, -0.009127223786206231, 2.611961482662903, -0.3530281549406268]
      time_from_start: 0