joint_trajectory:
  joint_names: [panda_joint1, panda_joint2, panda_joint3, panda_joint4, panda_joint5, panda_joint6, panda_joint7]
  points:
    - positions: [0, -0.785, 0, -2.356, 0, 1.571, 0.785]
      time_from_start: 0
    - positions: [-1.716448377643266, -0.624592989560919, -0.1567537090348602, -2.041846599852246, -1.712255294339383, 1.094088713276957, 1.13718919945628]
      time_from_start: 0
    - positions: [-1.296031395508644, 0.2455176943060769, 1.546508627142974, -2.285997075197883, -1.467152083968742, 0.9504970606520717, -0.02737624575112556]
      time_from_start: 0
    - positions: [0.5859663494471751, 1.762632751131589, -0.01274676960179097, -0.8524100191811664, 0.0162756586132686, 2.62233025616854, -0.3645079285736996]
      time_from_start: 0