joint_trajectory:
  joint_names: [panda_joint1, panda_joint2, panda_joint3, panda_joint4, panda_joint5, panda_joint6, panda_joint7]
  points:
    - positions: [0, -0.785, 0, -2.356, 0, 1.571, 0.785]
      time_from_start: 0
    - positions: [-0.06795383485679776, -0.1806689418524016, -0.709295986777024, -2.398159362566948, -0.2237491753581056, 1.1984294479492, 0.4311881881357872]
      time_from_start: 0
    - positions: [0.02747821308595447, 0.4157594012973942, -0.09715629485308652, -1.844127987202226, -1.529267375887884, 2.291724756295488, -0.8333232645156221]
      time_from_start: 0
    - positions: [0.5990435840123345, 1.762668917031612, -0.009638841755394031, -0.8515285417390892, 0.007162005473837535, 2.6218805810228, -0.345820363818597]
      time_from_start: 0