joint_trajectory:
  joint_names: [panda_joint1, panda_joint2, panda_joint3, panda_joint4, panda_joint5, panda_joint6, panda_joint7]
  points:
    - positions: [0, -0.785, 0, -2.356, 0, 1.571, 0.785]
      time_from_start: 0
    - positions: [-0.02621118648953608, -0.5192295695548729, 0.2927965029808305, -2.376817764990466, -0.31986288024354, 1.337875584483751, 0.7853681313557714]
      time_from_start: 0
    - positions: [-0.04934336158117865, 0.2412824300288175, 0.5525048607623491, -2.152474058673315, -0.8765398946975784, 1.246935893377349, 0.4719352638815489]
      time_from_start: 0
    - positions: [0.5721501323924889, 1.7628, 0.01547042317057569, -0.8191930848706176, 0.0007649900350606278, 2.595773830240542, -0.35705601979431]
      time_from_start: 0