joint_trajectory:
  joint_names: [panda_joint1, panda_joint2, panda_joint3, panda_joint4, panda_joint5, panda_joint6, panda_joint7]
  points:
    - positions: [0, -0.785, 0, -2.356, 0, 1.571, 0.785]
      time_from_start: 0
    - positions: [-0.1900839164394869, -0.5197260811965401, 0.3394677137789344, -2.40552547579946, 0.6829396510853971, 1.61409655840699, 0.4720305819784978]
      time_from_start: 0
    - positions: [-0.2723999173710496, 0.5063610335094342, 0.7663642267291526, -2.061198319903627, 1.553118292581136, 1.953388305126093, -0.2359651843339978]
      time_from_start: 0
    - positions: [0.5859663494471751, 1.762632751131589, -0.01274676960179097, -0.8524100191811664, 0.0162756586132686, 2.62233025616854, -0.3645079285736996]
      time_from_start: 0