joint_trajectory:
  joint_names: [panda_joint1, panda_joint2, panda_joint3, panda_joint4, panda_joint5, panda_joint6, panda_joint7]
  points:
    - positions: [0, -0.785, 0, -2.356, 0, 1.571, 0.785]
      time_from_start: 0
    - positions: [-0.618119086470224, -0.3016667672162709, -0.3487718775590161, -1.997474449623386, -0.6278300755513326, 1.937334880471465, 0.692850057544772]
      time_from_start: 0
    - positions: [0.1348979553456186, 0.366742401180936, -0.2825421296860069, -2.15087380359702, -0.5276742835659872, 3.062072892323158, 1.018411855537869]
      time_from_start: 0
    - positions: [0.5859663494471752, 1.76263275113159, -0.01274676960179096, -0.8524100191811664, 0.01627565861326869, 2.62233025616854, -0.3645079285736996]
      time_from_start: 0