joint_trajectory:
  joint_names: [panda_joint1, panda_joint2, panda_joint3, panda_joint4, panda_joint5, panda_joint6, panda_joint7]
  points:
    - positions: [0, -0.785, 0, -2.356, 0, 1.571, 0.785]
      time_from_start: 0
    - positions: [0.04111134167638608, -0.5201908458884723, 0.003390254314799082, -2.387834737168537, 0.3836081388571788, 1.474829080577668, 0.8211176782930372]
      time_from_start: 0
    - positions: [0.2735187883413978, 0.6169780053621791, 0.008048177858943602, -2.001878805086525, 0.9506562277145941, 1.647197646323015, 0.5355499991575481]
      time_from_start: 0
    - positions: [0.5814908092914651, 1.742631780176173, -0.001150742464248127, -0.8908198826079314, 0.005189803328850659, 2.634273725514556, -0.3617691594484438]
      time_from_start: 0