joint_trajectory:
  joint_names: [panda_joint1, panda_joint2, panda_joint3, panda_joint4, panda_joint5, panda_joint6, panda_joint7]
  points:
    - positions: [0, -0.785, 0, -2.356, 0, 1.571, 0.785]
      time_from_start: 0
    - positions: [-0.3248923691432476, -0.452414186320236, 1.357378371335579, -2.706757805554993, 1.016010880764807, 1.852182936284885, -1.551550226955791]
      time_from_start: 0
    - positions: [-0.2843786798558877, 0.6040537639117136, 0.6542824701119394, -2.30099729738634, 0.4315160797258438, 2.464598230266676, -1.783402874590968]
      time_from_start: 0
    - positions: [0.5701711305356971, 1.7628, 0.01911607215351791, -0.845054228772708, -0.03674755738423414, 2.619472867005533, -0.3439002604977929]
      time_from_start: 0