joint_trajectory:
  joint_names: [panda_joint1, panda_joint2, panda_joint3, panda_joint4, panda_joint5, panda_joint6, panda_joint7]
  points:
    - positions: [0, -0.785, 0, -2.356, 0, 1.571, 0.785]
      time_from_start: 0
    - positions: [0.2801683468013188, -0.5513628154813657, 0.6244519552057002, -2.253514078878918, 0.08608467989117524, 2.058331946923462, 0.9906966463600617]
      time_from_start: 0
    - positions: [-0.1617317751862069, 0.8264303386644891, 1.103612087459462, -1.722834273410531, -0.7899598199391165, 2.077918313616729, 0.4453908004642155]
      time_from_start: 0
    - positions: [0.5678102339444946, 1.7628, 0.02306047211763597, -0.8488171747830369, -0.0579545896348956, 2.62157533341657, -0.325791282389249]
      time_from_start: 0