joint_trajectory:
  joint_names: [panda_joint1, panda_joint2, panda_joint3, panda_joint4, panda_joint5, panda_joint6, panda_joint7]
  points:
    - positions: [0, -0.785, 0, -2.356, 0, 1.571, 0.785]
      time_from_start: 0
    - positions: [-0.2503129486028305, -0.5515207692562918, 0.3044047165644343, -2.412795873103939, -0.2815255730246109, 1.634795096433183, 0.407641807174739]
      time_from_start: 0
    - positions: [-0.5565050396553917, 0.04693885821893508, 0.74851870217161, -2.347595437287886, -0.6916329386978823, 1.836262973281284, -0.259736533420607]
      time_from_start: 0
    - positions: [0.5926249181355366, 1.742529949957617, -0.01421644760235333, -0.8955688931386373, 0.01932005936279372, 2.635224096750295, -0.347625763768282]
      time_from_start: 0