joint_trajectory:
  joint_names: [panda_joint1, panda_joint2, panda_joint3, panda_joint4, panda_joint5, panda_joint6, panda_joint7]
  points:
    - positions: [0, -0.785, 0, -2.356, 0, 1.571, 0.785]
      time_from_start: 0
    - positions: [-0.02549405887883254, -0.5827939613384777, 0.04488173903194914, -2.396222195670435, 0.4712929498951294, 1.502640205297062, 1.05163614651319]
      time_from_start: 0
    - positions: [0.01788496229015505, 0.2065315572376585, 0.1289999235742551, -2.236562426144719, 1.378246731928434, 1.537065572095786, 1.382229341247253]
      time_from_start: 0
    - positions: [0.5859663494471751, 1.762632751131589, -0.01274676960179097, -0.8524100191811664, 0.0162756586132686, 2.62233025616854, -0.3645079285736996]
      time_from_start: 0