joint_trajectory:
  joint_names: [panda_joint1, panda_joint2, panda_joint3, panda_joint4, panda_joint5, panda_joint6, panda_joint7]
  points:
    - positions: [0, -0.785, 0, -2.356, 0, 1.571, 0.785]
      time_from_start: 0
    - positions: [1.437369873534096, -0.06787431189295651, -0.6019771077801747, -2.525031116663786, 1.549269157439324, 2.242780580353162, 0.373151478192752]
      time_from_start: 0
    - positions: [1.071908114226849, 0.3512994567237855, -0.5390135296853598, -2.130980117450728, 1.606219407665009, 2.571750750663668, 0.2271752034766295]
      time_from_start: 0
    - positions: [0.5859663494471755, 1.76263275113159, -0.01274676960179078, -0.8524100191811667, 0.01627565861326836, 2.62233025616854, -0.3645079285736997]
      time_from_start: 0