joint_trajectory:
  joint_names: [panda_joint1, panda_joint2, panda_joint3, panda_joint4, panda_joint5, panda_joint6, panda_joint7]
  points:
    - positions: [0, -0.785, 0, -2.356, 0, 1.571, 0.785]
      time_from_start: 0
    - positions: [-0.777535415193906, -0.9710532632668711, 0.8105348889214364, -2.437859802948721, 0.02356777920901978, 1.639778444280432, -0.6116142016680444]
      time_from_start: 0
    - positions: [-1.309331093236922, -1.16587826966313, 1.432942889572598, -2.206014505048141, 0.108844229435542, 1.820759322733378, -1.076985899895054]
      time_from_start: 0
    - positions: [-2.386438030949938, -1.762799596334255, 2.8973, -0.8746419688722511, 0.488625238047879, 2.588344270339773, -0.5529380527664675]
      time_from_start: 0