joint_trajectory:
  joint_names: [panda_joint1, panda_joint2, panda_joint3, panda_joint4, panda_joint5, panda_joint6, panda_joint7]
  points:
    - positions: [0, -0.785, 0, -2.356, 0, 1.571, 0.785]
      time_from_start: 0
    - positions: [0.2727180221140593, -0.945747010367416, 0.6301415544138291, -2.039201730328221, 0.1876157971497895, 1.494307130389481, -0.078500857722235]
      time_from_start: 0
    - positions: [-1.829733526031518, -1.541399079566157, 1.899636299758199, -1.653945552382289, -0.2596091124831053, 1.863299278641226, -0.8829076831659888]
      time_from_start: 0
    - positions: [-2.386071024980972, -1.762799723895274, 2.897074993555842, -0.8843019984320194, 0.4689922504264719, 2.609196168062541, -0.5419156140926799]
      time_from_start: 0