joint_trajectory:
  joint_names: [panda_joint1, panda_joint2, panda_joint3, panda_joint4, panda_joint5, panda_joint6, panda_joint7]
  points:
    - positions: [0, -0.785, 0, -2.356, 0, 1.571, 0.785]
      time_from_start: 0
    - positions: [-0.6816866409676461, -0.9580626538890227, 0.8774642095726669, -2.459154439406196, 0.3789406122113841, 1.760279877368867, -0.4009703281901836]
      time_from_start: 0
    - positions: [-1.566733278650406, -1.339171927292041, 1.935595996875111, -1.808916200290859, 0.5259978141274801, 2.153161429456926, -0.7644690949169939]
      time_from_start: 0
    - positions: [-2.380735506938736, -1.7628, 2.870884415624431, -0.8443495812922439, 0.500028529322915, 2.583277931379245, -0.5489931282427978]
      time_from_start: 0