joint_trajectory:
  joint_names: [panda_joint1, panda_joint2, panda_joint3, panda_joint4, panda_joint5, panda_joint6, panda_joint7]
  points:
    - positions: [0, -0.785, 0, -2.356, 0, 1.571, 0.785]
      time_from_start: 0
    - positions: [-0.03469782820040726, -0.1453258938590854, -1.052010126563176, -2.166264217368228, 1.170132520089439, 2.003468466716169, -1.436133547721367]
      time_from_start: 0
    - positions: [0.6606323699376422, 0.5908689417039177, -1.106247251309195, -2.012932755158263, 1.464969231019345, 1.938880160871128, -1.512631016662369]
      time_from_start: 0
    - positions: [0.5862450139957861, 1.7628, -0.0005635059574994829, -0.8355628500384815, 0.01011532312498145, 2.6006627892129, -0.3595920529308673]
      time_from_start: 0