joint_trajectory:
  joint_names: [panda_joint1, panda_joint2, panda_joint3, panda_joint4, panda_joint5, panda_joint6, panda_joint7]
  points:
    - positions: [0, -0.785, 0, -2.356, 0, 1.571, 0.785]
      time_from_start: 0
    - positions: [0.5533321641982891, -0.3958813340136456, -0.5266043218579101, -2.449974051124286, -0.1567884219967984, 2.017916432459645, 1.135489851668933]
      time_from_start: 0
    - positions: [0.1220554536819177, 0.4814627100716304, 0.1815604476406014, -2.076695086796825, -0.4437247980657891, 2.198553760056484, 0.8914306581425844]
      time_from_start: 0
    - positions: [0.5804409148892682, 1.751719687701276, 0.0085244096000664, -0.8696252759617524, -0.000743576905886068, 2.625394882414665, -0.3467757210738671]
      time_from_start: 0