joint_trajectory:
  joint_names: [panda_joint1, panda_joint2, panda_joint3, panda_joint4, panda_joint5, panda_joint6, panda_joint7]
  points:
    - positions: [0, -0.785, 0, -2.356, 0, 1.571, 0.785]
      time_from_start: 0
    - positions: [0.4489353844467971, -0.3768691274841809, 0.1924864694752936, -2.301460014349283, 0.1901730439693151, 1.252816387382272, 1.006374414245657]
      time_from_start: 0
    - positions: [0.4371073151275119, -0.2847487989627263, 0.2206761940067034, -2.270697856910463, 0.2249545476213478, 1.260498557753286, 1.013798800447633]
      time_from_start: 0
    - positions: [0.5859663494471751, 1.762632751131589, -0.01274676960179097, -0.8524100191811664, 0.0162756586132686, 2.62233025616854, -0.3645079285736996]
      time_from_start: 0