joint_trajectory:
  joint_names: [panda_joint1, panda_joint2, panda_joint3, panda_joint4, panda_joint5, panda_joint6, panda_joint7]
  points:
    - positions: [0, -0.785, 0, -2.356, 0, 1.571, 0.785]
      time_from_start: 0
    - positions: [0.6143375606380682, -0.4944863440310172, -0.1568906808445156, -2.304427145393516, -1.021987740556486, 1.354424040739818, -0.2205663556657231]
      time_from_start: 0
    - positions: [0.7763303721887398, -0.1162704876250844, -0.2970016504572989, -2.151225341466965, -1.17006353767847, 1.436294635166503, -0.4751579216607359]
      time_from_start: 0
    - positions: [0.5859663494471755, 1.762632751131589, -0.01274676960179099, -0.8524100191811668, 0.01627565861326868, 2.62233025616854, -0.3645079285736995]
      time_from_start: 0