joint_trajectory:
  joint_names: [panda_joint1, panda_joint2, panda_joint3, panda_joint4, panda_joint5, panda_joint6, panda_joint7]
  points:
    - positions: [0, -0.785, 0, -2.356, 0, 1.571, 0.785]
      time_from_start: 0
    - positions: [0.06671311992970344, -0.7825489394136294, 0.1275992734307018, -2.365104458570856, -0.1204697894729756, 1.693984417548475, 0.7801197468328368]
      time_from_start: 0
    - positions: [-0.4219843918154244, 0.1479440264429708, 1.013744354776903, -2.422788233118972, -1.408225659921487, 2.663452332054028, 1.08308324458349]
      time_from_start: 0
    - positions: [0.5903632234697952, 1.762752227121097, 0.001809053034135087, -0.8346910633438349, 0.005871274457525339, 2.592338178532332, -0.3471082668770957]
      time_from_start: 0