joint_trajectory:
  joint_names: [panda_joint1, panda_joint2, panda_joint3, panda_joint4, panda_joint5, panda_joint6, panda_joint7]
  points:
    - positions: [0, -0.785, 0, -2.356, 0, 1.571, 0.785]
      time_from_start: 0
    - positions: [-0.1903202174524486, -0.2384831238155151, 1.139474664443454, -2.177212457601332, -0.2690941678844816, 2.001528022324955, -0.4378996395579555]
      time_from_start: 0
    - positions: [-0.6269881210828521, 1.466800174103281, 1.13877192806021, -2.115682244537815, 0.2060315529479008, 2.260613944403581, 0.4068561238839197]
      time_from_start: 0
    - positions: [0.5859663494471752, 1.76263275113159, -0.01274676960179086, -0.8524100191811667, 0.01627565861326849, 2.62233025616854, -0.3645079285736995]
      time_from_start: 0