joint_trajectory:
  joint_names: [panda_joint1, panda_joint2, panda_joint3, panda_joint4, panda_joint5, panda_joint6, panda_joint7]
  points:
    - positions: [0, -0.785, 0, -2.356, 0, 1.571, 0.785]
      time_from_start: 0
    - positions: [-0.4991142184809578, -0.362050580393157, 0.06551554457908842, -2.405841187456449, -0.6609218370562235, 2.022469063006062, 0.05919847307982801]
      time_from_start: 0
    - positions: [-0.598471025410417, 0.4528659312549893, 0.5727335552783663, -1.974148306894957, -0.4485724537577094, 2.468627669803949, -0.3014701582242149]
      time_from_start: 0
    - positions: [0.5742221095594815, 1.7628, 0.01977979139821341, -0.8119545709146022, -0.03325865900405823, 2.583211461260511, -0.3370958999768887]
      time_from_start: 0