joint_trajectory:
  joint_names: [panda_joint1, panda_joint2, panda_joint3, panda_joint4, panda_joint5, panda_joint6, panda_joint7]
  points:
    - positions: [0, -0.785, 0, -2.356, 0, 1.571, 0.785]
      time_from_start: 0
    - positions: [0.01899649538932411, -0.4657568748156437, -0.1087986043872761, -2.423032035900524, -0.3497620880151766, 2.016270661877055, 0.3687277155095292]
      time_from_start: 0
    - positions: [0.1827030830836299, 0.5455886028982269, -0.2495712743405076, -2.149529910937702, -0.7886676545932082, 2.830536815888641, -0.4322270920096045]
      time_from_start: 0
    - positions: [0.5859663494471752, 1.76263275113159, -0.01274676960179096, -0.8524100191811664, 0.01627565861326869, 2.62233025616854, -0.3645079285736996]
      time_from_start: 0