joint_trajectory:
  joint_names: [panda_joint1, panda_joint2, panda_joint3, panda_joint4, panda_joint5, panda_joint6, panda_joint7]
  points:
    - positions: [0, -0.785, 0, -2.356, 0, 1.571, 0.785]
      time_from_start: 0
    - positions: [-0.08723000724935681, -0.4063983634393259, 0.1249609263825911, -2.377650672186978, 0.7539468234636331, 1.389487412294066, 0.7144361625743803]
      time_from_start: 0
    - positions: [-0.1662378410226583, 0.04362535859850299, 0.2508256720247681, -2.315420983922594, 1.206874480307401, 1.323131410525298, 0.5016366096756122]
      time_from_start: 0
    - positions: [0.5655020273191818, 1.737181936989412, 0.01725486709698742, -0.8444864177397438, -0.02012296375590983, 2.600163460614993, -0.3305284116081494]
      time_from_start: 0