joint_trajectory:
  joint_names: [panda_joint1, panda_joint2, panda_joint3, panda_joint4, panda_joint5, panda_joint6, panda_joint7]
  points:
    - positions: [0, -0.785, 0, -2.356, 0, 1.571, 0.785]
      time_from_start: 0
    - positions: [1.056911261789425, -0.6593153198445865, 0.392232142834636, -2.13612184504674, 0.1454476439989018, 1.783534213969898, 1.552346258770799]
      time_from_start: 0
    - positions: [0.9063425321291037, 0.3702958834506839, -0.6300150226176182, -2.191498634742934, 1.488652400957931, 1.309486367643455, 0.8789380708898485]
      time_from_start: 0
    - positions: [0.5720776748884782, 1.7628, 0.01871899459994321, -0.8179275416954408, -0.04572164098553943, 2.611694698802107, -0.3200129459876324]
      time_from_start: 0