joint_trajectory:
  joint_names: [panda_joint1, panda_joint2, panda_joint3, panda_joint4, panda_joint5, panda_joint6, panda_joint7]
  points:
    - positions: [0, -0.785, 0, -2.356, 0, 1.571, 0.785]
      time_from_start: 0
    - positions: [0.3129607468095017, -0.5294118590359925, 0.2265824482725252, -2.364843539550542, -0.5378618559221293, 1.477410608621271, 0.7659971536979432]
      time_from_start: 0
    - positions: [0.3722172568849585, 0.9700790713140219, 0.2875375561423786, -1.596212434338493, -1.027624782747417, 2.219002411920636, -0.134467772390978]
      time_from_start: 0
    - positions: [0.5722536711642704, 1.762799934087411, 0.0202896446330207, -0.8396780894013832, -0.02145385123698658, 2.610263069455296, -0.3516997997679156]
      time_from_start: 0