joint_trajectory:
  joint_names: [panda_joint1, panda_joint2, panda_joint3, panda_joint4, panda_joint5, panda_joint6, panda_joint7]
  points:
    - positions: [0, -0.785, 0, -2.356, 0, 1.571, 0.785]
      time_from_start: 0
    - positions: [-0.718798736028597, -0.2208458523327216, 0.7416620435486763, -2.610264321617576, -1.141219999765052, 2.07945120503225, 1.430767592444861]
      time_from_start: 0
    - positions: [0.5729707223541781, 1.748245245842066, 0.01315669891006352, -0.8732828108684719, -0.04296892531553585, 2.628297828248018, -0.3265076466178364]
      time_from_start: 0