joint_trajectory:
  joint_names: [panda_joint1, panda_joint2, panda_joint3, panda_joint4, panda_joint5, panda_joint6, panda_joint7]
  points:
    - positions: [0, -0.785, 0, -2.356, 0, 1.571, 0.785]
      time_from_start: 0
    - positions: [-0.2607490488542458, -0.4999019460630716, 0.3293098656159428, -2.401312331320729, 0.07353774346354225, 1.533587144004166, 0.4252601220600991]
      time_from_start: 0
    - positions: [-0.00772246185804043, 0.8364722517251518, 0.2882738170724801, -1.870917468060644, 0.9023707324980068, 1.724869207649221, -0.8098867481607324]
      time_from_start: 0
    - positions: [0.5914247520328751, 1.762486984488256, 0.002849953741369837, -0.8525349198080763, 0.01505510024522224, 2.620654431393273, -0.3553037722707439]
      time_from_start: 0