joint_trajectory:
  joint_names: [panda_joint1, panda_joint2, panda_joint3, panda_joint4, panda_joint5, panda_joint6, panda_joint7]
  points:
    - positions: [0, -0.785, 0, -2.356, 0, 1.571, 0.785]
      time_from_start: 0
    - positions: [-0.03549242615976201, -0.5293284459188859, 0.1041853763878762, -2.397496745996081, 0.271495438351448, 1.444956332467015, 0.4096344199360863]
      time_from_start: 0
    - positions: [0.06841232679726211, 0.4082501140770709, 0.2243501382858924, -2.059581837216747, 0.5704584285342498, 1.573612064965364, -0.3000694638989383]
      time_from_start: 0
    - positions: [0.5637029839675889, 1.758930462707975, 0.01075363607768972, -0.8491314111382059, -0.02749506947990571, 2.63141793479546, -0.3378869396926469]
      time_from_start: 0