joint_trajectory:
  joint_names: [panda_joint1, panda_joint2, panda_joint3, panda_joint4, panda_joint5, panda_joint6, panda_joint7]
  points:
    - positions: [0, -0.785, 0, -2.356, 0, 1.571, 0.785]
      time_from_start: 0
    - positions: [0.1680256811849207, -0.1400252804620155, -0.8274267060659517, -1.967141612568021, -1.147380703422548, 2.050423008049949, -1.028282982277334]
      time_from_start: 0
    - positions: [0.7388370933109697, 0.2106548639155366, -1.042662238951527, -2.087776502372718, -1.371372041550247, 2.371068484980983, -1.345342328594276]
      time_from_start: 0
    - positions: [0.5859663494471751, 1.762632751131589, -0.01274676960179097, -0.8524100191811664, 0.0162756586132686, 2.62233025616854, -0.3645079285736996]
      time_from_start: 0