joint_trajectory:
  joint_names: [panda_joint1, panda_joint2, panda_joint3, panda_joint4, panda_joint5, panda_joint6, panda_joint7]
  points:
    - positions: [0, -0.785, 0, -2.356, 0, 1.571, 0.785]
      time_from_start: 0
    - positions: [0.2325150580993805, -0.2041874572982639, -0.5723417707340985, -2.526541494146675, -0.7620693853891426, 2.692704342201623, -0.3902368792841752]
      time_from_start: 0
    - positions: [0.5896040403471068, 1.748152913651954, 0.0001380610212211637, -0.8794647877824443, -0.005168606303469264, 2.627025390981883, -0.3394316758879217]
      time_from_start: 0