joint_trajectory:
  joint_names: [panda_joint1, panda_joint2, panda_joint3, panda_joint4, panda_joint5, panda_joint6, panda_joint7]
  points:
    - positions: [0, -0.785, 0, -2.356, 0, 1.571, 0.785]
      time_from_start: 0
    - positions: [-1.822249653989056, -0.6979287690677807, -0.3163140141147143, -0.6392216484540376, 0.9572826921667419, 2.525337805898569, -1.712343175077848]
      time_from_start: 0
    - positions: [-1.685949420743389, -0.4028190423147753, -0.545332984316349, -0.05081313934142218, -2.037366726636654, 3.748118514770176, -2.230665953413769]
      time_from_start: 0
    - positions: [0.5859663494471755, 1.76263275113159, -0.01274676960179078, -0.8524100191811667, 0.01627565861326836, 2.62233025616854, -0.3645079285736997]
      time_from_start: 0