joint_trajectory:
  joint_names: [panda_joint1, panda_joint2, panda_joint3, panda_joint4, panda_joint5, panda_joint6, panda_joint7]
  points:
    - positions: [0, -0.785, 0, -2.356, 0, 1.571, 0.785]
      time_from_start: 0
    - positions: [0.3489046836109679, -0.2563154056282397, 0.5280039741333009, -2.106365147360268, -0.02590000065145788, 1.394657596085647, 0.8967523936747477]
      time_from_start: 0
    - positions: [0.06427452858662216, 1.208753241136229, 0.4900336282186765, -1.570500582034584, -0.8496016444561629, 2.104002158792163, 0.5006354605453724]
      time_from_start: 0
    - positions: [0.5859663494471752, 1.76263275113159, -0.01274676960179086, -0.8524100191811667, 0.01627565861326849, 2.62233025616854, -0.3645079285736995]
      time_from_start: 0