joint_trajectory:
  joint_names: [panda_joint1, panda_joint2, panda_joint3, panda_joint4, panda_joint5, panda_joint6, panda_joint7]
  points:
    - positions: [0, -0.785, 0, -2.356, 0, 1.571, 0.785]
      time_from_start: 0
    - positions: [0.1239876677274245, -0.2856127379150997, -0.03291404785131616, -2.666823127420488, 0.592303922313988, 1.176694208349309, 0.2891286951598677]
      time_from_start: 0
    - positions: [0.5859663494471755, 1.762632751131589, -0.01274676960179099, -0.8524100191811668, 0.01627565861326868, 2.62233025616854, -0.3645079285736995]
      time_from_start: 0