joint_trajectory:
  joint_names: [panda_joint1, panda_joint2, panda_joint3, panda_joint4, panda_joint5, panda_joint6, panda_joint7]
  points:
    - positions: [0, -0.785, 0, -2.356, 0, 1.571, 0.785]
      time_from_start: 0
    - positions: [-0.04353445073119071, -0.4040854903991892, 0.3187053100007395, -2.469594220410212, -0.3351210236680601, 1.938541929927192, 0.2551031022827995]
      time_from_start: 0
    - positions: [-0.2666597593279803, 0.5728432272265009, 0.6381848225081101, -2.126240789651545, -0.5590789203128627, 2.441982250233216, -0.2918546754209123]
      time_from_start: 0
    - positions: [0.5859663494471751, 1.762632751131589, -0.01274676960179097, -0.8524100191811664, 0.0162756586132686, 2.62233025616854, -0.3645079285736996]
      time_from_start: 0