joint_trajectory:
  joint_names: [panda_joint1, panda_joint2, panda_joint3, panda_joint4, panda_joint5, panda_joint6, panda_joint7]
  points:
    - positions: [0, -0.785, 0, -2.356, 0, 1.571, 0.785]
      time_from_start: 0
    - positions: [-0.4812895367525949, -0.1842957827830458, 0.1323173662380336, -2.335420462268163, 1.64699975646238, 2.341545367769138, -1.057640251648387]
      time_from_start: 0
    - positions: [-0.1662772729465198, 0.4730685284759915, 0.2116468135381641, -1.938437432541443, 1.147911197034956, 2.411339115987264, -0.9886855664628433]
      time_from_start: 0
    - positions: [0.5859663494471753, 1.76263275113159, -0.01274676960179097, -0.8524100191811664, 0.01627565861326844, 2.62233025616854, -0.3645079285736995]
      time_from_start: 0