joint_trajectory:
  joint_names: [panda_joint1, panda_joint2, panda_joint3, panda_joint4, panda_joint5, panda_joint6, panda_joint7]
  points:
    - positions: [0, -0.785, 0, -2.356, 0, 1.571, 0.785]
      time_from_start: 0
    - positions: [0.2940123176466825, -0.4722526848010749, 0.1420987598257582, -2.382413090895335, 0.5558601768847193, 1.522373791808473, 1.496872871500631]
      time_from_start: 0
    - positions: [0.1613540814923076, 0.9973566910702927, 0.2906523714021318, -1.608301963904889, 0.5001811372171671, 1.576796565146023, 1.220402523719867]
      time_from_start: 0
    - positions: [0.5859663494471752, 1.76263275113159, -0.01274676960179096, -0.8524100191811664, 0.01627565861326869, 2.62233025616854, -0.3645079285736996]
      time_from_start: 0