joint_trajectory:
  joint_names: [panda_joint1, panda_joint2, panda_joint3, panda_joint4, panda_joint5, panda_joint6, panda_joint7]
  points:
    - positions: [0, -0.785, 0, -2.356, 0, 1.571, 0.785]
      time_from_start: 0
    - positions: [0.531939550030137, -0.2675171981840583, -0.6906516035538963, -2.489792240779259, 1.185228506768575, 1.05418481824022, 1.645051418869783]
      time_from_start: 0
    - positions: [0.572585578704548, 1.749021601037866, 0.01519132957447055, -0.8815212450588927, -0.03218405565319679, 2.638364095241239, -0.3462769718788742]
      time_from_start: 0