joint_trajectory:
  joint_names: [panda_joint1, panda_joint2, panda_joint3, panda_joint4, panda_joint5, panda_joint6, panda_joint7]
  points:
    - positions: [0, -0.785, 0, -2.356, 0, 1.571, 0.785]
      time_from_start: 0
    - positions: [0.885721735369541, -0.6872304513006555, 0.1798996247611714, -2.448741773820217, -0.287563775797205, 2.68637702290077, -0.7096060142550723]
      time_from_start: 0
    - positions: [0.8621924234076487, 0.4216056774379866, -0.2641539447015343, -2.233667772819627, -0.354897218183604, 3.05712289834224, -1.491943523779771]
      time_from_start: 0
    - positions: [0.567179359591797, 1.758587514167932, 0.02809109272269652, -0.8578325151504943, -0.04452417460258206, 2.604003805172879, -0.3330320532526385]
      time_from_start: 0