joint_trajectory:
  joint_names: [panda_joint1, panda_joint2, panda_joint3, panda_joint4, panda_joint5, panda_joint6, panda_joint7]
  points:
    - positions: [0, -0.785, 0, -2.356, 0, 1.571, 0.785]
      time_from_start: 0
    - positions: [0.7268173833495388, -0.4367920091610079, -0.1038271579370604, -2.297692594009172, -0.1818908096409714, 1.485860481540892, 0.4373316924733143]
      time_from_start: 0
    - positions: [1.10330157165284, 0.6781020347273505, -0.5861477578604162, -2.41853421574228, -0.8550544712704126, 1.292271402896243, -0.1635132765501102]
      time_from_start: 0
    - positions: [0.5859663494471755, 1.762632751131589, -0.01274676960179099, -0.8524100191811668, 0.01627565861326868, 2.62233025616854, -0.3645079285736995]
      time_from_start: 0