joint_trajectory:
  joint_names: [panda_joint1, panda_joint2, panda_joint3, panda_joint4, panda_joint5, panda_joint6, panda_joint7]
  points:
    - positions: [0, -0.785, 0, -2.356, 0, 1.571, 0.785]
      time_from_start: 0
    - positions: [0.7205101320777443, -0.1021042070981813, -1.279194780269079, -2.404440028144496, 2.076827849718996, 1.136054981164184, -1.033911098290753]
      time_from_start: 0
    - positions: [0.6723261636187131, 0.3181639848938926, -0.9064635283557516, -2.143733976424697, 1.726868453909886, 1.463917704155327, -0.9567752497100609]
      time_from_start: 0
    - positions: [0.5859663494471755, 1.76263275113159, -0.01274676960179101, -0.8524100191811663, 0.01627565861326856, 2.62233025616854, -0.3645079285736997]
      time_from_start: 0