joint_trajectory:
  joint_names: [panda_joint1, panda_joint2, panda_joint3, panda_joint4, panda_joint5, panda_joint6, panda_joint7]
  points:
    - positions: [0, -0.785, 0, -2.356, 0, 1.571, 0.785]
      time_from_start: 0
    - positions: [-0.4609701756810954, -0.3263582128999721, 0.610195563411715, -2.455516254854476, -0.4358822840957841, 1.689057448860376, 1.169150834528123]
      time_from_start: 0
    - positions: [0.5100802746228899, 1.10433559161687, -0.07979044685521804, -1.6088482835044, -0.6787620991861052, 2.244301750031179, 1.105919288593121]
      time_from_start: 0
    - positions: [0.5859663494471752, 1.76263275113159, -0.01274676960179078, -0.8524100191811664, 0.01627565861326846, 2.62233025616854, -0.3645079285736996]
      time_from_start: 0