joint_trajectory:
  joint_names: [panda_joint1, panda_joint2, panda_joint3, panda_joint4, panda_joint5, panda_joint6, panda_joint7]
  points:
    - positions: [0, -0.785, 0, -2.356, 0, 1.571, 0.785]
      time_from_start: 0
    - positions: [-0.2531768667410225, -0.480014398363716, 0.3185864973942324, -2.43760489568597, 0.2373045712319738, 1.520051083984736, 0.353442348704748]
      time_from_start: 0
    - positions: [-0.1771253238731859, 1.122335458804376, 0.6055309868164455, -1.726723170140472, 0.4815503936559158, 2.007536975812069, -0.6397572879086598]
      time_from_start: 0
    - positions: [0.5970777562218985, 1.75923492188585, -0.01415510800073077, -0.8412290120958722, 0.04823581785011228, 2.600832926634296, -0.3604291898531436]
      time_from_start: 0