joint_trajectory:
  joint_names: [panda_joint1, panda_joint2, panda_joint3, panda_joint4, panda_joint5, panda_joint6, panda_joint7]
  points:
    - positions: [0, -0.785, 0, -2.356, 0, 1.571, 0.785]
      time_from_start: 0
    - positions: [-0.1407457010464667, -0.5262329353967785, 0.2227038407269961, -2.399911965756672, 0.1297742029617122, 1.457948700297051, 0.8654828553729355]
      time_from_start: 0
    - positions: [-0.397335390220361, 0.6730597869989212, 0.813890061358075, -2.214704958877341, 0.4822030836597135, 1.364880682144829, 0.8513610775029223]
      time_from_start: 0
    - positions: [0.5960815529722169, 1.7628, -0.01575282969196531, -0.841524010464217, 0.03054736846543716, 2.615889325379445, -0.361427519103813]
      time_from_start: 0