joint_trajectory:
  joint_names: [panda_joint1, panda_joint2, panda_joint3, panda_joint4, panda_joint5, panda_joint6, panda_joint7]
  points:
    - positions: [0, -0.785, 0, -2.356, 0, 1.571, 0.785]
      time_from_start: 0
    - positions: [0.4683650523839051, -0.3487238860147073, 0.06911938260863515, -2.788697643472999, 1.247497411443759, 1.193009434235282, 1.373960129531007]
      time_from_start: 0
    - positions: [0.5859663494471752, 1.76263275113159, -0.01274676960179096, -0.8524100191811664, 0.01627565861326869, 2.62233025616854, -0.3645079285736996]
      time_from_start: 0