joint_trajectory:
  joint_names: [panda_joint1, panda_joint2, panda_joint3, panda_joint4, panda_joint5, panda_joint6, panda_joint7]
  points:
    - positions: [0, -0.785, 0, -2.356, 0, 1.571, 0.785]
      time_from_start: 0
    - positions: [0.7814770887583187, -0.3338311594672101, -0.2423581767985424, -2.617838978722898, -0.1140141898380422, 2.968577481082151, -2.344660679716509]
      time_from_start: 0
    - positions: [0.5859663494471755, 1.762632751131589, -0.01274676960179099, -0.8524100191811668, 0.01627565861326868, 2.62233025616854, -0.3645079285736995]
      time_from_start: 0