joint_trajectory:
  joint_names: [panda_joint1, panda_joint2, panda_joint3, panda_joint4, panda_joint5, panda_joint6, panda_joint7]
  points:
    - positions: [0, -0.785, 0, -2.356, 0, 1.571, 0.785]
      time_from_start: 0
    - positions: [0.1249150055057915, -0.4619779006384507, -0.0484268600087706, -2.440583519949827, 0.3247110593512911, 2.021938915232862, 0.06908550635275021]
      time_from_start: 0
    - positions: [0.3396030104009301, 0.2928137178450066, -0.09019555637228367, -2.218491411140394, 0.5913982599054477, 2.591217480055278, -0.7342350641116542]
      time_from_start: 0
    - positions: [0.5859663494471755, 1.76263275113159, -0.01274676960179078, -0.8524100191811667, 0.01627565861326836, 2.62233025616854, -0.3645079285736997]
      time_from_start: 0