joint_trajectory:
  joint_names: [panda_joint1, panda_joint2, panda_joint3, panda_joint4, panda_joint5, panda_joint6, panda_joint7]
  points:
    - positions: [0, -0.785, 0, -2.356, 0, 1.571, 0.785]
      time_from_start: 0
    - positions: [1.031052749101157, -0.1784733209035624, -0.790597127554585, -2.425619385149576, 0.5056111959462275, 1.276278986137541, 0.8558393594136761]
      time_from_start: 0
    - positions: [0.5884345492845129, 1.7628, -0.01387052712706884, -0.8367177575095154, 0.01397420362497393, 2.597316674112093, -0.3639978302843956]
      time_from_start: 0