joint_trajectory:
  joint_names: [panda_joint1, panda_joint2, panda_joint3, panda_joint4, panda_joint5, panda_joint6, panda_joint7]
  points:
    - positions: [0, -0.785, 0, -2.356, 0, 1.571, 0.785]
      time_from_start: 0
    - positions: [-0.1617239238798658, -0.6404347178550508, 0.9268982104904111, -2.934934225120771, 0.6648434375529692, 2.087139644394471, 0.8319520467797309]
      time_from_start: 0
    - positions: [-0.1567738401586217, 1.316610352731727, 0.5769639079366871, -1.511085041484927, 0.1563119037043995, 2.66446244779844, -0.05603412680570424]
      time_from_start: 0
    - positions: [0.5844449704456075, 1.7628, 0.006042932407731874, -0.8473903526280695, -0.006661604052326111, 2.613350026649916, -0.3503826529554062]
      time_from_start: 0