joint_trajectory:
  joint_names: [panda_joint1, panda_joint2, panda_joint3, panda_joint4, panda_joint5, panda_joint6, panda_joint7]
  points:
    - positions: [0, -0.785, 0, -2.356, 0, 1.571, 0.785]
      time_from_start: 0
    - positions: [0.4680164626936422, -0.2572364081151938, -0.295019888134556, -2.512875608400063, -0.1749347732034034, 2.670269006323099, -1.144220998539302]
      time_from_start: 0
    - positions: [0.6148428520818271, 0.6511718833165083, -0.2418177201764359, -1.883422703352456, -0.1309369755520393, 2.870153924794162, -1.229743980996532]
      time_from_start: 0
    - positions: [0.5971524816748411, 1.759650632439457, -0.009251957196685961, -0.846544645430779, 0.02587918423321826, 2.608369896202257, -0.3673380112965899]
      time_from_start: 0