joint_trajectory:
  joint_names: [panda_joint1, panda_joint2, panda_joint3, panda_joint4, panda_joint5, panda_joint6, panda_joint7]
  points:
    - positions: [0, -0.785, 0, -2.356, 0, 1.571, 0.785]
      time_from_start: 0
    - positions: [-0.04039821113689102, -0.7665211413566488, -0.02991741858025199, -2.426843094994072, -0.1887253224214481, 1.793395045163692, 0.9781246903820138]
      time_from_start: 0
    - positions: [-0.1011991545845068, -0.06196590301870844, -0.1796863263874574, -2.417244209859046, -1.137355103558062, 3.162111828699854, 1.674217627921559]
      time_from_start: 0
    - positions: [0.5897228942042848, 1.76034458946685, 0.001025039206749436, -0.838400094806284, -0.009574896735117515, 2.625742333990372, -0.3476822933190316]
      time_from_start: 0