joint_trajectory:
  joint_names: [panda_joint1, panda_joint2, panda_joint3, panda_joint4, panda_joint5, panda_joint6, panda_joint7]
  points:
    - positions: [0, -0.785, 0, -2.356, 0, 1.571, 0.785]
      time_from_start: 0
    - positions: [-0.7348570096478175, -0.1181180851053422, 1.254556646559871, -2.493496881547939, 0.7867074520636028, 1.474604252753899, 0.6831822731482311]
      time_from_start: 0
    - positions: [0.5859663494471752, 1.76263275113159, -0.01274676960179086, -0.8524100191811667, 0.01627565861326849, 2.62233025616854, -0.3645079285736995]
      time_from_start: 0