joint_trajectory:
  joint_names: [panda_joint1, panda_joint2, panda_joint3, panda_joint4, panda_joint5, panda_joint6, panda_joint7]
  points:
    - positions: [0, -0.785, 0, -2.356, 0, 1.571, 0.785]
      time_from_start: 0
    - positions: [-0.2430670187249489, -0.3573491784165229, -0.8686258664005484, -2.375383902391717, -0.2711764680805059, 2.219693240783343, 1.500409215265564]
      time_from_start: 0
    - positions: [0.9163422858271086, 0.8495924266485181, -1.26528292011032, -1.90358249288208, -1.231644111050275, 2.834455170806225, 1.80331945244914]
      time_from_start: 0
    - positions: [0.5769245284835345, 1.762763710950172, 0.02313810024945386, -0.8567021081264747, -0.02728521669358607, 2.62730395458465, -0.3458722474685549]
      time_from_start: 0