joint_trajectory:
  joint_names: [panda_joint1, panda_joint2, panda_joint3, panda_joint4, panda_joint5, panda_joint6, panda_joint7]
  points:
    - positions: [0, -0.785, 0, -2.356, 0, 1.571, 0.785]
      time_from_start: 0
    - positions: [0.05112730707610184, -0.4196996211449788, 0.408316806645925, -2.465634885291711, 0.4179857445565268, 2.333984153345332, 0.8518216990719532]
      time_from_start: 0
    - positions: [0.3350351696495811, 1.188769520349327, 0.3408082391036407, -1.573153591154527, 0.6264194294224549, 3.01076128668934, 0.1181973540188048]
      time_from_start: 0
    - positions: [0.5882817245796145, 1.7628, 0.007067491285612189, -0.8529087066797625, 0.008576056850343971, 2.61885602727347, -0.3593971835949055]
      time_from_start: 0