joint_trajectory:
  joint_names: [panda_joint1, panda_joint2, panda_joint3, panda_joint4, panda_joint5, panda_joint6, panda_joint7]
  points:
    - positions: [0, -0.785, 0, -2.356, 0, 1.571, 0.785]
      time_from_start: 0
    - positions: [-0.1123424698633441, -0.501631567015332, 0.3435897859866028, -2.439975030744166, -0.482692993580735, 1.939281833267124, 0.5814951134617481]
      time_from_start: 0
    - positions: [-0.2676887063162484, 1.004453030555753, 0.4077515069693693, -1.79266177706765, -1.081368460439795, 2.73398658702693, -0.3862575592857548]
      time_from_start: 0
    - positions: [0.578804424356571, 1.762796357989596, 0.008872116759697164, -0.8384781384878254, -0.0208616491482208, 2.603369345350525, -0.3382547033000502]
      time_from_start: 0