joint_trajectory:
  joint_names: [panda_joint1, panda_joint2, panda_joint3, panda_joint4, panda_joint5, panda_joint6, panda_joint7]
  points:
    - positions: [0, -0.785, 0, -2.356, 0, 1.571, 0.785]
      time_from_start: 0
    - positions: [0.3228634402766202, -0.3178204346284425, 1.274818337647018, -2.207203243273357, -0.9881458066345777, 2.381674310642332, -0.3159760974700648]
      time_from_start: 0
    - positions: [-0.09803163074523348, 0.8762629845333985, 0.9187400258886964, -1.608252766696334, -0.9760809008827953, 2.186206654866907, -0.3178746527946651]
      time_from_start: 0
    - positions: [0.5859663494471752, 1.76263275113159, -0.01274676960179095, -0.8524100191811667, 0.01627565861326828, 2.62233025616854, -0.3645079285736995]
      time_from_start: 0