joint_trajectory:
  joint_names: [panda_joint1, panda_joint2, panda_joint3, panda_joint4, panda_joint5, panda_joint6, panda_joint7]
  points:
    - positions: [0, -0.785, 0, -2.356, 0, 1.571, 0.785]
      time_from_start: 0
    - positions: [0.1786965527449826, -0.4392531448470825, 0.3134289914901329, -2.400049259937811, -0.1500022179281863, 1.597819876267933, 1.164899940729542]
      time_from_start: 0
    - positions: [0.2112437905246872, 0.2635480722535297, 0.3357443820136546, -2.179094721916159, 0.1514255046952266, 1.981995020230703, 1.688456800575346]
      time_from_start: 0
    - positions: [0.5859663494471755, 1.76263275113159, -0.01274676960179078, -0.8524100191811667, 0.01627565861326836, 2.62233025616854, -0.3645079285736997]
      time_from_start: 0