joint_trajectory:
  joint_names: [panda_joint1, panda_joint2, panda_joint3, panda_joint4, panda_joint5, panda_joint6, panda_joint7]
  points:
    - positions: [0, -0.785, 0, -2.356, 0, 1.571, 0.785]
      time_from_start: 0
    - positions: [-0.8632655233636461, 0.1061002561410248, -0.007983648420047243, -2.139944625210491, 0.9238000265081482, 1.349441345047287, -1.881327066628343]
      time_from_start: 0
    - positions: [-0.4376845295222784, 0.5588890863015747, 0.1935807622050308, -1.786373175350933, 0.7163741241044087, 1.653376059025332, -1.988844651562985]
      time_from_start: 0
    - positions: [0.5859663494471752, 1.76263275113159, -0.01274676960179086, -0.8524100191811667, 0.01627565861326849, 2.62233025616854, -0.3645079285736995]
      time_from_start: 0