joint_trajectory:
  joint_names: [panda_joint1, panda_joint2, panda_joint3, panda_joint4, panda_joint5, panda_joint6, panda_joint7]
  points:
    - positions: [0, -0.785, 0, -2.356, 0, 1.571, 0.785]
      time_from_start: 0
    - positions: [0.4172048362134322, -0.47570668498909, 0.7747795100646451, -2.152818726704758, -0.138450790336961, 2.024963391351251, 0.7119674893167748]
      time_from_start: 0
    - positions: [-0.1242157279912344, 0.6185407885737508, 0.8244513730004697, -1.900874912342432, 0.4640661851366467, 2.851868105410253, 0.2410829541530243]
      time_from_start: 0
    - positions: [0.5859663494471751, 1.762632751131589, -0.01274676960179097, -0.8524100191811664, 0.0162756586132686, 2.62233025616854, -0.3645079285736996]
      time_from_start: 0