joint_trajectory:
  joint_names: [panda_joint1, panda_joint2, panda_joint3, panda_joint4, panda_joint5, panda_joint6, panda_joint7]
  points:
    - positions: [0, -0.785, 0, -2.356, 0, 1.571, 0.785]
      time_from_start: 0
    - positions: [0.3080750036982766, -0.3899138752859427, -0.1748386016987722, -2.384979423377058, 0.3335416242715654, 1.346787765059688, 1.007779612915921]
      time_from_start: 0
    - positions: [0.5050400793524488, 0.08139091910929089, -0.246385725117305, -2.216565636205343, 0.4709006842285252, 1.372003722669738, 0.9662401618349061]
      time_from_start: 0
    - positions: [0.5501819089944567, 1.760084154032641, 0.02616210524245197, -0.8354373401751162, -0.04261104390243539, 2.5883345087906, -0.3644819208205095]
      time_from_start: 0