joint_trajectory:
  joint_names: [panda_joint1, panda_joint2, panda_joint3, panda_joint4, panda_joint5, panda_joint6, panda_joint7]
  points:
    - positions: [0, -0.785, 0, -2.356, 0, 1.571, 0.785]
      time_from_start: 0
    - positions: [0.001851737695929166, -0.6251463839344273, -0.2809361849751105, -2.554629877823804, 0.2192415047823046, 1.545909817210665, 0.1024428524045225]
      time_from_start: 0
    - positions: [0.661797948386288, 0.5437213700560308, -0.7440364101112532, -2.324692759060738, 0.6049500905950351, 2.222713267812603, -1.215431848272078]
      time_from_start: 0
    - positions: [0.578430630827676, 1.755240212575918, 0.01966643669313947, -0.8625870598177844, -0.029811084496921, 2.621490938061614, -0.3418363222564256]
      time_from_start: 0