joint_trajectory:
  joint_names: [panda_joint1, panda_joint2, panda_joint3, panda_joint4, panda_joint5, panda_joint6, panda_joint7]
  points:
    - positions: [0, -0.785, 0, -2.356, 0, 1.571, 0.785]
      time_from_start: 0
    - positions: [0.3920842575289938, -0.497164451765535, -0.3769427620566133, -2.445767171060464, -0.2909333673448, 1.502260163986364, 1.1193873735819]
      time_from_start: 0
    - positions: [0.8469907522901811, 0.6067210444458113, -0.6084644399323968, -1.947293490489552, -0.4607294494308021, 1.835181938473114, 0.9047089909905385]
      time_from_start: 0
    - positions: [0.5949618081868671, 1.761191887187721, -0.00809728280273587, -0.8411754021733873, 0.01812820913135972, 2.597320670781448, -0.3586831515104396]
      time_from_start: 0