joint_trajectory:
  joint_names: [panda_joint1, panda_joint2, panda_joint3, panda_joint4, panda_joint5, panda_joint6, panda_joint7]
  points:
    - positions: [0, -0.785, 0, -2.356, 0, 1.571, 0.785]
      time_from_start: 0
    - positions: [0.4494833752038283, -0.5843423719783705, -0.04164801033238083, -2.367929699001942, 0.02480643797318564, 1.332676296192536, 0.7221766414927071]
      time_from_start: 0
    - positions: [0.5009024297826832, -0.002524102718310411, -0.1380568977724438, -2.132256884628438, 0.1534828770087855, 1.097243998806626, 0.6114529481012095]
      time_from_start: 0
    - positions: [0.5630917160478055, 1.762419304593769, 0.01977989992852896, -0.8415431466828807, -0.05309347240985363, 2.603325512857518, -0.3270370568824599]
      time_from_start: 0