joint_trajectory:
  joint_names: [panda_joint1, panda_joint2, panda_joint3, panda_joint4, panda_joint5, panda_joint6, panda_joint7]
  points:
    - positions: [0, -0.785, 0, -2.356, 0, 1.571, 0.785]
      time_from_start: 0
    - positions: [0.09866007614781855, -0.6606587043624645, 0.07728032697190079, -2.462918258194279, -0.4013467711689545, 1.515000245727072, 1.212401740165814]
      time_from_start: 0
    - positions: [0.3249361455213619, 0.09232072198503077, 0.1325421844958292, -2.155138465884036, -0.7012521343292548, 1.744418264509791, 1.239020856280128]
      time_from_start: 0
    - positions: [0.5859663494471751, 1.762632751131589, -0.01274676960179097, -0.8524100191811664, 0.0162756586132686, 2.62233025616854, -0.3645079285736996]
      time_from_start: 0