joint_trajectory:
  joint_names: [panda_joint1, panda_joint2, panda_joint3, panda_joint4, panda_joint5, panda_joint6, panda_joint7]
  points:
    - positions: [0, -0.785, 0, -2.356, 0, 1.571, 0.785]
      time_from_start: 0
    - positions: [0.3459165730281325, -0.5414697408188391, -0.05725600358034558, -2.422939450751113, -0.7711319620616548, 1.914868065773489, 0.04617497070923764]
      time_from_start: 0
    - positions: [0.5674499946577791, -0.05524263482501718, -0.1989846680124149, -2.281000366068331, -1.036456602654623, 1.932275864813078, -0.3716526978697007]
      time_from_start: 0
    - positions: [0.5965421302600203, 1.762799962438116, -0.01600258326635873, -0.8389622897353933, 0.02315554559941366, 2.593840009195584, -0.3531353407073373]
      time_from_start: 0