joint_trajectory:
  joint_names: [panda_joint1, panda_joint2, panda_joint3, panda_joint4, panda_joint5, panda_joint6, panda_joint7]
  points:
    - positions: [0, -0.785, 0, -2.356, 0, 1.571, 0.785]
      time_from_start: 0
    - positions: [-0.2046907054267865, 0.3097173088550229, 0.7459749638980816, -2.480147760423847, 0.1061402343657619, 1.261736536132893, -0.1132738898345271]
      time_from_start: 0
    - positions: [0.5859663494471752, 1.76263275113159, -0.01274676960179095, -0.8524100191811667, 0.01627565861326828, 2.62233025616854, -0.3645079285736995]
      time_from_start: 0