joint_trajectory:
  joint_names: [panda_joint1, panda_joint2, panda_joint3, panda_joint4, panda_joint5, panda_joint6, panda_joint7]
  points:
    - positions: [0, -0.785, 0, -2.356, 0, 1.571, 0.785]
      time_from_start: 0
    - positions: [-0.04762718453370114, -0.4696002014113276, -0.6919344231344196, -2.26670610430759, 0.935573306259128, 1.478015370723863, -0.591396013843315]
      time_from_start: 0
    - positions: [0.7653348285313952, 0.766264177915035, -0.7905966230861485, -2.000747306925539, 1.179723044642945, 1.857973515050496, 0.1914695851224009]
      time_from_start: 0
    - positions: [0.5744119361955751, 1.762799915859405, 0.009793683389132037, -0.8596001904916942, -0.01333761261028578, 2.635049806952625, -0.3603484764129701]
      time_from_start: 0