joint_trajectory:
  joint_names: [panda_joint1, panda_joint2, panda_joint3, panda_joint4, panda_joint5, panda_joint6, panda_joint7]
  points:
    - positions: [0, -0.785, 0, -2.356, 0, 1.571, 0.785]
      time_from_start: 0
    - positions: [0.4057452809251394, -0.6721578494569913, -0.1304751951463385, -2.451979096642424, -0.03918571327376089, 1.476699046537623, 1.441584903366294]
      time_from_start: 0
    - positions: [1.231526083478532, 0.4802612364193747, -0.9848750349756641, -2.2114402163434, 0.4298672972175512, 2.196893966303893, 1.236124283127082]
      time_from_start: 0
    - positions: [0.5859663494471752, 1.76263275113159, -0.01274676960179086, -0.8524100191811667, 0.01627565861326849, 2.62233025616854, -0.3645079285736995]
      time_from_start: 0