joint_trajectory:
  joint_names: [panda_joint1, panda_joint2, panda_joint3, panda_joint4, panda_joint5, panda_joint6, panda_joint7]
  points:
    - positions: [0, -0.785, 0, -2.356, 0, 1.571, 0.785]
      time_from_start: 0
    - positions: [-0.01246233110286566, -0.5080453043180904, 0.1003237187820064, -2.391833563167294, 0.04193723995755148, 1.485016888785533, 0.06184938927062074]
      time_from_start: 0
    - positions: [-0.01330687388626342, 0.0654469491428766, 0.2242104928174327, -2.236042551006849, 0.1572270432541551, 1.443988534747486, -0.6183117807488832]
      time_from_start: 0
    - positions: [0.571766992924799, 1.756468020534524, 0.01268676554021628, -0.8652582975738806, -0.0389796868779107, 2.615713588432817, -0.3341852327594659]
      time_from_start: 0