joint_trajectory:
  joint_names: [panda_joint1, panda_joint2, panda_joint3, panda_joint4, panda_joint5, panda_joint6, panda_joint7]
  points:
    - positions: [0, -0.785, 0, -2.356, 0, 1.571, 0.785]
      time_from_start: 0
    - positions: [0.4263586754258212, -0.7607700458228677, 0.3502560350730774, -1.847485803005029, -0.3676066736214891, 1.874834824185611, 0.887732289694719]
      time_from_start: 0
    - positions: [0.8757571634115187, 1.481967355136946, 2.684225081592193, -0.9173972108070969, -2.289428772979276, 2.985878727037925, 1.558273159816629]
      time_from_start: 0
    - positions: [0.843694138451576, 0.2023976349034442, -0.7145111416167743, -1.828343359470561, -2.8973, 2.736072141621144, -2.451218204217505]
      time_from_start: 0