joint_trajectory:
  joint_names: [panda_joint1, panda_joint2, panda_joint3, panda_joint4, panda_joint5, panda_joint6, panda_joint7]
  points:
    - positions: [0, -0.785, 0, -2.356, 0, 1.571, 0.785]
      time_from_start: 0
    - positions: [0.3105658333388837, -0.6123376457228351, -0.107340674888782, -2.188685997480667, -1.053063697536804, 1.543081164482518, 0.4030158388421653]
      time_from_start: 0
    - positions: [1.089286256072272, 0.3244247881519876, -0.9554546632167431, -1.53854213983827, -2.891879180586871, 2.944351070749039, -2.110228173033419]
      time_from_start: 0
    - positions: [1.092043043382345, 0.2706287891688101, -0.974918558151996, -1.830465361870224, -2.8973, 2.735273014576624, -2.350982565397054]
      time_from_start: 0