joint_trajectory:
  joint_names: [panda_joint1, panda_joint2, panda_joint3, panda_joint4, panda_joint5, panda_joint6, panda_joint7]
  points:
    - positions: [0, -0.785, 0, -2.356, 0, 1.571, 0.785]
      time_from_start: 0
    - positions: [-0.4049680658339713, -0.6893746474889324, 0.8800974470964883, -1.75225409999026, -0.04405324194443962, 1.395653060888336, 1.741266101103395]
      time_from_start: 0
    - positions: [1.152824075936806, 0.4392737045813351, -0.09544002156541698, -0.5806515565017705, -2.380788181868428, 0.4516507444391027, 1.039829300750792]
      time_from_start: 0
    - positions: [-2.737273161854771, -0.1786044779398832, 2.867859690182837, -1.811523557892183, -2.8973, 2.736183199274341, -2.510962892578083]
      time_from_start: 0