joint_trajectory:
  joint_names: [panda_joint1, panda_joint2, panda_joint3, panda_joint4, panda_joint5, panda_joint6, panda_joint7]
  points:
    - positions: [0, -0.785, 0, -2.356, 0, 1.571, 0.785]
      time_from_start: 0
    - positions: [0.1285390105528416, -0.8865276929708577, 0.111192059097357, -2.347256122777088, -0.2905126283746748, 1.506176126764362, 0.7661254739534664]
      time_from_start: 0
    - positions: [-0.9145171078684394, -0.1874414787504087, 1.026661841955875, -1.872319489481278, -2.502913115541035, 2.537294629293822, -1.024787026004161]
      time_from_start: 0
    - positions: [-2.347982427996699, -0.2254765168696613, 2.473489071793129, -1.810312658771931, -2.8973, 2.7262963135998, -2.436659465640989]
      time_from_start: 0