joint_trajectory:
  joint_names: [panda_joint1, panda_joint2, panda_joint3, panda_joint4, panda_joint5, panda_joint6, panda_joint7]
  points:
    - positions: [0, -0.785, 0, -2.356, 0, 1.571, 0.785]
      time_from_start: 0
    - positions: [2.153371026812773, 0.5687528988277539, 1.440916376210609, -2.863175364987715, 2.352695368046314, 1.089063828368671, 1.050009971048031]
      time_from_start: 0
    - positions: [-2.368975258135888, 1.6845877337493, 2.187807222040929, -0.1377911226567812, 1.0057068136591, 0.4277825215319171, -2.055822626344254]
      time_from_start: 0
    - positions: [-2.737273161854771, -0.178604477939883, 2.867859690182837, -1.811523557892183, -2.8973, 2.736183199274341, -2.510962892578083]
      time_from_start: 0