joint_trajectory:
  joint_names: [panda_joint1, panda_joint2, panda_joint3, panda_joint4, panda_joint5, panda_joint6, panda_joint7]
  points:
    - positions: [0, -0.785, 0, -2.356, 0, 1.571, 0.785]
      time_from_start: 0
    - positions: [-0.9203877049673657, -0.268978556209346, 0.9041831404628093, -1.868894982328747, -2.10618013802504, 1.956887337865773, -0.966056298965508]
      time_from_start: 0
    - positions: [-2.367866621591046, -0.2213170517699945, 2.502003626151598, -1.800202342217896, -2.869884661778741, 2.73723044161842, -2.481491733163839]
      time_from_start: 0