joint_trajectory:
  joint_names: [panda_joint1, panda_joint2, panda_joint3, panda_joint4, panda_joint5, panda_joint6, panda_joint7]
  points:
    - positions: [0, -0.785, 0, -2.356, 0, 1.571, 0.785]
      time_from_start: 0
    - positions: [0.9387432056209603, -0.6079730370044945, 0.1624202428645284, -2.181695408251573, -0.3152109087457423, 1.793683720736678, 1.087389715420457]
      time_from_start: 0
    - positions: [0.1827661787810464, -0.3357326730563797, 0.2043022586437775, -2.017656192949397, -1.851494228704376, 2.119440895232547, -1.501295869942638]
      time_from_start: 0
    - positions: [0.5153600655340084, 0.1960327246008233, -0.3788440661805423, -1.800004682540752, -2.897244152343007, 2.715957442755755, -2.512741318106854]
      time_from_start: 0