joint_trajectory:
  joint_names: [panda_joint1, panda_joint2, panda_joint3, panda_joint4, panda_joint5, panda_joint6, panda_joint7]
  points:
    - positions: [0, -0.785, 0, -2.356, 0, 1.571, 0.785]
      time_from_start: 0
    - positions: [0.7354095457175128, -0.717626349043256, -0.4114189199502435, -2.163718628264057, -1.559107618183714, 1.243494886059111, -0.9454203553011492]
      time_from_start: 0
    - positions: [0.9873695386046952, -0.5801338680420414, -0.5391225768031703, -2.095361908557805, -1.82040144312926, 1.370752236191625, -1.273926888896461]
      time_from_start: 0
    - positions: [0.4193287048733032, 0.201715631280343, -0.2693339310721468, -1.791329632671629, -2.893220182372919, 2.72576725554149, -2.526147941568968]
      time_from_start: 0