joint_trajectory:
  joint_names: [panda_joint1, panda_joint2, panda_joint3, panda_joint4, panda_joint5, panda_joint6, panda_joint7]
  points:
    - positions: [0, -0.785, 0, -2.356, 0, 1.571, 0.785]
      time_from_start: 0
    - positions: [-1.805697421248769, -0.6318414884051309, -2.724208495710464, -1.707715475407639, -1.205798085149145, 1.467068619930651, 2.684537508026231]
      time_from_start: 0
    - positions: [-0.6750559135473333, -0.3432987064227462, 1.804347672567097, -1.690434094523755, -1.298645461509516, 0.6737279860884883, 0.9483427989429485]
      time_from_start: 0
    - positions: [0.9934003905913324, 0.2878285451122511, -0.8800806333648939, -1.786560984660937, -2.8973, 2.754967099053625, -2.35733042244708]
      time_from_start: 0