joint_trajectory:
  joint_names: [panda_joint1, panda_joint2, panda_joint3, panda_joint4, panda_joint5, panda_joint6, panda_joint7]
  points:
    - positions: [0, -0.785, 0, -2.356, 0, 1.571, 0.785]
      time_from_start: 0
    - positions: [-0.2423617270837073, -0.495851764912717, 1.592134131043777, -1.734120996733895, 0.8583659145455806, 2.485131852149498, -0.3413112239313776]
      time_from_start: 0
    - positions: [0.6742976144355469, 0.2111927636157498, -0.534106440752227, -1.800009559267236, -2.8973, 2.72481159201923, -2.472539031570308]
      time_from_start: 0