joint_trajectory:
  joint_names: [panda_joint1, panda_joint2, panda_joint3, panda_joint4, panda_joint5, panda_joint6, panda_joint7]
  points:
    - positions: [0, -0.785, 0, -2.356, 0, 1.571, 0.785]
      time_from_start: 0
    - positions: [0.5465066365289037, -1.593258440540917, -2.464458875122852, -0.8707789311442524, 2.403272433173191, 3.141309717209078, 0.9350111920586324]
      time_from_start: 0
    - positions: [0.4124450487977827, -0.1459141504582018, -0.0751612819701899, -0.6609502972040557, 2.220084180413746, 3.552209904345218, 1.174121959191794]
      time_from_start: 0
    - positions: [0.5012933889835113, 0.1898235231916834, -0.3593160299004844, -1.806359717957944, -2.8973, 2.710759633455927, -2.519454602375371]
      time_from_start: 0