joint_trajectory:
  joint_names: [panda_joint1, panda_joint2, panda_joint3, panda_joint4, panda_joint5, panda_joint6, panda_joint7]
  points:
    - positions: [0, -0.785, 0, -2.356, 0, 1.571, 0.785]
      time_from_start: 0
    - positions: [-0.2619255079175673, -0.7675202307534703, -0.06131915459527505, -1.873623816553223, -0.08162889340822937, 2.093652020066372, 0.3092708530962072]
      time_from_start: 0
    - positions: [1.820092577366018, -0.8508240746486931, -1.618720599131053, -0.8423672426824691, -2.630612498550024, 1.131495933325495, -2.135917515541334]
      time_from_start: 0
    - positions: [-2.737273161854771, -0.1786044779398831, 2.867859690182837, -1.811523557892183, -2.8973, 2.736183199274341, -2.510962892578083]
      time_from_start: 0