joint_trajectory:
  joint_names: [panda_joint1, panda_joint2, panda_joint3, panda_joint4, panda_joint5, panda_joint6, panda_joint7]
  points:
    - positions: [0, -0.785, 0, -2.356, 0, 1.571, 0.785]
      time_from_start: 0
    - positions: [0.3743096162178217, -0.769862287574397, 0.6538370748202296, -2.330122691667508, -1.922023915766916, 2.017544842661285, -0.4482389534966848]
      time_from_start: 0
    - positions: [1.249581337567925, -0.1579217931355494, -1.05051092288603, -1.83270506161537, -1.828516456369939, 2.205998482338342, -1.324785313958932]
      time_from_start: 0
    - positions: [1.119555579574709, 0.2307030615512457, -0.9860949325417994, -1.863084327667492, -2.897299979581539, 2.718232295640931, -2.386545639025378]
      time_from_start: 0