joint_trajectory:
  joint_names: [panda_joint1, panda_joint2, panda_joint3, panda_joint4, panda_joint5, panda_joint6, panda_joint7]
  points:
    - positions: [0, -0.785, 0, -2.356, 0, 1.571, 0.785]
      time_from_start: 0
    - positions: [-0.0260400392177047, -1.392612883319333, -0.6218273420433977, -0.3798149766210468, -2.062149995914102, 1.758206931871828, 1.542330509920046]
      time_from_start: 0
    - positions: [-2.652513034237921, 1.356172371991351, 1.393304235527757, -1.911602129657753, -2.020507180554, 3.602537347374018, -1.689329871764546]
      time_from_start: 0
    - positions: [-2.737273161854771, -0.178604477939883, 2.867859690182837, -1.811523557892183, -2.8973, 2.736183199274341, -2.510962892578083]
      time_from_start: 0