joint_trajectory:
  joint_names: [panda_joint1, panda_joint2, panda_joint3, panda_joint4, panda_joint5, panda_joint6, panda_joint7]
  points:
    - positions: [0, -0.785, 0, -2.356, 0, 1.571, 0.785]
      time_from_start: 0
    - positions: [0.1434851951759193, -1.076897613377429, 0.2223168216119445, -2.552568502165865, -0.7402797345583954, 1.069512800836633, 0.7336001768983487]
      time_from_start: 0
    - positions: [0.6441496393926482, 0.04780285283791655, -0.3205044665755843, -1.660551554424356, -1.968612411213098, 1.687999574300878, -0.6364925095287619]
      time_from_start: 0
    - positions: [-2.005445183300512, -0.2575117847783046, 2.129095289739114, -1.842968800803386, -2.8973, 2.732790609921361, -2.358422848940063]
      time_from_start: 0