joint_trajectory:
  joint_names: [panda_joint1, panda_joint2, panda_joint3, panda_joint4, panda_joint5, panda_joint6, panda_joint7]
  points:
    - positions: [0, -0.785, 0, -2.356, 0, 1.571, 0.785]
      time_from_start: 0
    - positions: [0.03106686100415596, -0.8047465611722253, 0.0139728798992269, -2.340529557181733, -0.05727488382481591, 1.557927096318051, 0.7182817503145615]
      time_from_start: 0
    - positions: [-0.0666825897201897, 0.08972705874927334, -1.16832839844469, -0.5876362738704075, 0.1052136150774081, 3.432560119696427, 0.02843242449001426]
      time_from_start: 0
    - positions: [-2.560516069259954, -0.1902887121057538, 2.695339332822871, -1.812680300475724, -2.897299386166143, 2.730215758740711, -2.499742703887852]
      time_from_start: 0