joint_trajectory:
  joint_names: [panda_joint1, panda_joint2, panda_joint3, panda_joint4, panda_joint5, panda_joint6, panda_joint7]
  points:
    - positions: [0, -0.785, 0, -2.356, 0, 1.571, 0.785]
      time_from_start: 0
    - positions: [-1.0037974235456, -0.7827984887954125, 0.8011468277970941, -2.146226932777114, -0.710753650805481, 1.582716344766494, 0.4262783988282262]
      time_from_start: 0
    - positions: [-1.03868323205643, -0.1325838854185851, 1.214133226409382, -1.751319327474379, -1.575781450651812, 1.625749389567142, -0.1120806630386214]
      time_from_start: 0
    - positions: [-2.172918311437703, -0.2173791165672942, 2.296642132299529, -1.849393109717692, -2.8973, 2.722331563564519, -2.409562433217687]
      time_from_start: 0