joint_trajectory:
  joint_names: [panda_joint1, panda_joint2, panda_joint3, panda_joint4, panda_joint5, panda_joint6, panda_joint7]
  points:
    - positions: [0, -0.785, 0, -2.356, 0, 1.571, 0.785]
      time_from_start: 0
    - positions: [-0.1811527362748174, -0.443900896434859, 0.5574074728845591, -1.957945664891927, -0.8263100016012641, 1.145781813166304, 0.8733484539664335]
      time_from_start: 0
    - positions: [-0.5790103349435259, 0.06653086060737967, 0.9160162854910121, -1.576151560107966, -1.807581224385657, 1.391581093353635, 0.4072134447247006]
      time_from_start: 0
    - positions: [-2.747562077063695, -0.1817250368857876, 2.879246298687407, -1.785231834149293, -2.8973, 2.739138195472318, -2.509172227080789]
      time_from_start: 0