joint_trajectory:
  joint_names: [panda_joint1, panda_joint2, panda_joint3, panda_joint4, panda_joint5, panda_joint6, panda_joint7]
  points:
    - positions: [-2.663721430984746, -0.5900654434826442, 2.468315789821182, -0.8305767354627522, 0.4141292184348783, 2.897872002189621, -2.410037294172032]
      time_from_start: 0
    - positions: [1.320642885008991, -1.715724382265502, -2.078882750226205, -1.324377956572892, 1.314089285773697, 2.603489821811825, 0.6222012300503112]
      time_from_start: 0
    - positions: [1.646263254076216, -1.7628, -2.097694741448972, -1.364326690539149, 1.375413467981635, 2.585820173161304, 0.8756162356579926]
      time_from_start: 0