joint_trajectory:
  joint_names: [panda_joint1, panda_joint2, panda_joint3, panda_joint4, panda_joint5, panda_joint6, panda_joint7]
  points:
    - positions: [-2.797792619186993, -0.7104729021575977, 2.535966538046676, -0.5757664852592321, 0.4012096036717445, 2.786432654639072, -2.344009361998601]
      time_from_start: 0
    - positions: [-1.271431940203055, -0.7799884753775352, 2.651837324637545, -0.586330829972351, -0.4795268118627112, 2.123855265213774, -0.6663022917974434]
      time_from_start: 0
    - positions: [-0.7351695942401272, -0.8480393665714798, 2.663963684056804, -0.6425511501947774, -0.3741011702256838, 1.984753437889705, -0.2559765891784394]
      time_from_start: 0
    - positions: [2.859133752894109, -1.573871376464577, 2.568531689539609, -1.343993781863525, 2.897299959142077, 1.631606927004439, 1.386922058009691]
      time_from_start: 0