joint_trajectory:
  joint_names: [panda_joint1, panda_joint2, panda_joint3, panda_joint4, panda_joint5, panda_joint6, panda_joint7]
  points:
    - positions: [-2.8973, -1.408900078313872, 0.3663656832200504, -0.8256121143744265, 2.78597221631341, 2.218203633497166, -2.511469849580606]
      time_from_start: 0
    - positions: [-2.526198895965887, -0.2658582019217625, 0.4803896404461649, -1.668414510442781, 2.828865172791185, 2.656004075758775, -1.444771315062123]
      time_from_start: 0
    - positions: [-1.935402348047844, 0.578714197927223, 0.2880928665343152, -1.811745407018123, 2.858986435784646, 2.635514977201616, -0.436132404823763]
      time_from_start: 0
    - positions: [-0.3986383864303827, 1.752591598298925, -0.6042676072861058, -0.9273623721208005, 2.897299999033801, 1.829549459687975, 1.464127641195863]
      time_from_start: 0