joint_trajectory:
  joint_names: [panda_joint1, panda_joint2, panda_joint3, panda_joint4, panda_joint5, panda_joint6, panda_joint7]
  points:
    - positions: [-2.8973, -1.408900078313872, 0.3663656832200504, -0.8256121143744265, 2.78597221631341, 2.218203633497166, -2.511469849580606]
      time_from_start: 0
    - positions: [-1.120322236129977, -0.7444045560813871, -0.9026256198039921, -1.091401902922607, 0.7719188328417926, 2.062947142882539, -0.3155387271168071]
      time_from_start: 0
    - positions: [-1.299733850392591, 0.9837328603342872, -1.595799504131815, -1.591579976207819, 2.599359982542957, 2.660321530515722, 1.924988116055469]
      time_from_start: 0
    - positions: [-0.3986383864303827, 1.752591598298925, -0.6042676072861058, -0.9273623721208005, 2.897299999033801, 1.829549459687975, 1.464127641195863]
      time_from_start: 0