joint_trajectory:
  joint_names: [panda_joint1, panda_joint2, panda_joint3, panda_joint4, panda_joint5, panda_joint6, panda_joint7]
  points:
    - positions: [-2.8973, -1.408900078313872, 0.3663656832200504, -0.8256121143744265, 2.78597221631341, 2.218203633497166, -2.511469849580606]
      time_from_start: 0
    - positions: [-0.5987630681617928, -0.5433625029864088, -0.3952567594603467, -1.568181250523085, 2.069574261284831, 1.84472222293557, -2.323610470069433]
      time_from_start: 0
    - positions: [-0.3718094778591873, 1.431724599129992, -0.9759167814750753, -1.802816502332033, 2.650343861751697, 0.9663526534574285, -0.9311897762890433]
      time_from_start: 0
    - positions: [-0.3986383864303827, 1.752591598298925, -0.6042676072861061, -0.9273623721208005, 2.897299999033801, 1.829549459687975, 1.464127641195863]
      time_from_start: 0