joint_trajectory:
  joint_names: [panda_joint1, panda_joint2, panda_joint3, panda_joint4, panda_joint5, panda_joint6, panda_joint7]
  points:
    - positions: [-2.533671997808851, -1.232765543057162, 0.9256544083684175, -0.8218160554531206, 2.147718084990983, 2.396694177109581, -2.641911595370996]
      time_from_start: 0
    - positions: [-2.298364695415342, -1.153226545825975, 0.5211505700942999, -0.7433242378676836, 2.190034545860824, 2.306979114306483, -2.216786591165463]
      time_from_start: 0
    - positions: [-1.555689661884345, 0.9865305188564112, -1.547032414085198, -1.334689854884286, 2.31425253295296, 2.713095712792413, -0.09163236260494517]
      time_from_start: 0
    - positions: [-0.3338027884424815, 1.630560702440051, -0.6277834224328341, -1.169297075879404, 2.897286897697819, 1.721899740914021, 1.469592777312772]
      time_from_start: 0