joint_trajectory:
  joint_names: [panda_joint1, panda_joint2, panda_joint3, panda_joint4, panda_joint5, panda_joint6, panda_joint7]
  points:
    - positions: [0.3867898568826055, 0.7926774089497952, -0.8220337042907051, -0.4911726683393478, 0.5891679328494579, 2.736995675064993, -2.343692669073353]
      time_from_start: 0
    - positions: [1.197820022780297, -0.7574616672823363, 0.9596055531474321, -2.242048288423823, -0.04223308140323834, 3.275183220133814, -1.858926660334756]
      time_from_start: 0
    - positions: [2.773394018929291, -1.701348745449266, 2.57114573386034, -0.974686333480682, 2.897299973965338, 1.843602227178905, 1.444496550439061]
      time_from_start: 0