joint_trajectory:
  joint_names: [panda_joint1, panda_joint2, panda_joint3, panda_joint4, panda_joint5, panda_joint6, panda_joint7]
  points:
    - positions: [-2.8973, -1.408900078313872, 0.3663656832200504, -0.8256121143744265, 2.78597221631341, 2.218203633497166, -2.511469849580606]
      time_from_start: 0
    - positions: [-1.8418437542461, -1.255026415660737, 0.4057797963403139, -1.087516008535195, 2.150867263231007, 2.053963433423022, -1.536725886835841]
      time_from_start: 0
    - positions: [-0.5285862046321037, 1.373188072415416, -0.8603187315037264, -1.225510866756052, 2.260167815341295, 1.987637764174655, 1.543574467138862]
      time_from_start: 0
    - positions: [-0.3986383864303829, 1.752591598298925, -0.604267607286106, -0.9273623721208009, 2.897299999033801, 1.829549459687975, 1.464127641195863]
      time_from_start: 0