joint_trajectory:
  joint_names: [panda_joint1, panda_joint2, panda_joint3, panda_joint4, panda_joint5, panda_joint6, panda_joint7]
  points:
    - positions: [-2.8973, -0.6169369565053301, 2.782736094525549, -0.7256188176182213, 0.2247633565963026, 2.886766715087926, -2.361324183937325]
      time_from_start: 0
    - positions: [-2.690726903437379, -0.5708173588175314, 2.786343427861929, -0.7442643766689905, 0.3302304518253832, 2.79311222076149, -2.324466861824223]
      time_from_start: 0
    - positions: [1.209050905741046, -1.700900491656274, -1.999004662605954, -1.121228649258126, 1.157389011800523, 2.17979545186164, 0.5414788312443154]
      time_from_start: 0
    - positions: [1.87973220832854, -1.7628, -2.245393001595493, -1.037721029900022, 1.401526894087983, 2.438304414464901, 1.055402345133739]
      time_from_start: 0