joint_trajectory:
  joint_names: [panda_joint1, panda_joint2, panda_joint3, panda_joint4, panda_joint5, panda_joint6, panda_joint7]
  points:
    - positions: [0.1362915756623771, 0.6894943962834269, -0.1011355245874326, -0.508085017260909, -0.1544468355539405, 2.760203321663797, -2.144302014407752]
      time_from_start: 0
    - positions: [1.706605742468247, -0.6910529577925155, 1.402030943631454, -1.724594349102221, 0.164980216759214, 1.795064093052604, 0.8109108231618782]
      time_from_start: 0
    - positions: [2.13832736452371, -1.033597845264467, 2.090694639891735, -1.651589912098742, 1.301366085258623, 1.70855344164571, 1.111755428088761]
      time_from_start: 0
    - positions: [2.623444501051368, -1.365804975233059, 2.831718942827153, -1.479027952469717, 2.590392019981629, 1.671107226946714, 1.199017040151772]
      time_from_start: 0