joint_trajectory:
  joint_names: [panda_joint1, panda_joint2, panda_joint3, panda_joint4, panda_joint5, panda_joint6, panda_joint7]
  points:
    - positions: [-2.8973, -1.408900078313872, 0.3663656832200504, -0.8256121143744265, 2.78597221631341, 2.218203633497166, -2.511469849580606]
      time_from_start: 0
    - positions: [-2.04062345019471, 0.5945567840942569, -0.665453815336699, -1.122011729829822, 2.030890899046106, 2.801512542719609, -2.211664129266504]
      time_from_start: 0
    - positions: [-0.3986383864303825, 1.752591598298925, -0.604267607286106, -0.9273623721208005, 2.897299999033801, 1.829549459687975, 1.464127641195863]
      time_from_start: 0