joint_trajectory:
  joint_names: [panda_joint1, panda_joint2, panda_joint3, panda_joint4, panda_joint5, panda_joint6, panda_joint7]
  points:
    - positions: [0.321792409664523, 0.7753682389545671, -0.6900509898113187, -0.4658772587478683, 0.4828949742188642, 2.742141423659312, -2.333609107178336]
      time_from_start: 0
    - positions: [-0.3171609935288433, 0.1502060609002239, -0.003008666243375459, -1.08855267397127, 0.4068182344720382, 2.172382511600635, -1.60060930175988]
      time_from_start: 0
    - positions: [1.414785558676951, -1.219032914732016, 2.076887865548348, -1.29312526739646, 1.69033114751048, 1.54629305660032, 0.4926397191035864]
      time_from_start: 0
    - positions: [2.715136154531231, -1.646831491133079, 2.742729498036137, -1.076198411806956, 2.768904843745172, 1.80229453704497, 1.29638157541174]
      time_from_start: 0