joint_trajectory:
  joint_names: [panda_joint1, panda_joint2, panda_joint3, panda_joint4, panda_joint5, panda_joint6, panda_joint7]
  points:
    - positions: [-2.8973, -1.408900078313872, 0.3663656832200504, -0.8256121143744265, 2.78597221631341, 2.218203633497166, -2.511469849580606]
      time_from_start: 0
    - positions: [-2.246676507492682, -1.302146241736637, -0.6472398855528927, -1.221946568217234, 1.325468928402588, 2.369230489168142, -2.044427192951024]
      time_from_start: 0
    - positions: [-1.577722686936227, 1.079655823117777, -1.077474248651356, -0.7683079875361873, 0.5783252727301292, 2.349314967500634, 1.353744228637218]
      time_from_start: 0
    - positions: [-0.3986383864303829, 1.752591598298925, -0.6042676072861057, -0.9273623721208006, 2.897299999033801, 1.829549459687975, 1.464127641195863]
      time_from_start: 0