joint_trajectory:
  joint_names: [panda_joint1, panda_joint2, panda_joint3, panda_joint4, panda_joint5, panda_joint6, panda_joint7]
  points:
    - positions: [-2.8973, -1.408900078313872, 0.3663656832200504, -0.8256121143744265, 2.78597221631341, 2.218203633497166, -2.511469849580606]
      time_from_start: 0
    - positions: [-2.883461086084353, -1.332242913039445, 0.3830252084541598, -1.060988613308479, 1.823584720716275, 1.733038806958546, -1.375378475339128]
      time_from_start: 0
    - positions: [-2.185897142433499, 0.2648058771255566, 0.7518333904352514, -1.671474411350601, -0.2839604720311411, 2.162223466897621, 0.3615244411138457]
      time_from_start: 0
    - positions: [-0.3986383864303827, 1.752591598298925, -0.6042676072861058, -0.9273623721208005, 2.897299999033801, 1.829549459687975, 1.464127641195863]
      time_from_start: 0