joint_trajectory:
  joint_names: [panda_joint1, panda_joint2, panda_joint3, panda_joint4, panda_joint5, panda_joint6, panda_joint7]
  points:
    - positions: [-2.8973, -1.408900078313872, 0.3663656832200504, -0.8256121143744265, 2.78597221631341, 2.218203633497166, -2.511469849580606]
      time_from_start: 0
    - positions: [-2.897217362151146, -1.353605252831557, 0.250652301920172, -1.066591868579717, 1.872155581867736, 2.111467178126561, -2.417713425006309]
      time_from_start: 0
    - positions: [-0.8719576253401703, 1.647411432198687, -1.329567441223543, -1.216977966600751, 1.333797324736691, 1.459075212810118, 1.012589365067297]
      time_from_start: 0
    - positions: [-0.3986383864303829, 1.752591598298925, -0.604267607286106, -0.9273623721208009, 2.897299999033801, 1.829549459687975, 1.464127641195863]
      time_from_start: 0