joint_trajectory:
  joint_names: [panda_joint1, panda_joint2, panda_joint3, panda_joint4, panda_joint5, panda_joint6, panda_joint7]
  points:
    - positions: [-2.541040667511188, -0.8798701408517908, 1.733538816383119, -0.6616944081452342, 1.309363333389176, 2.675258336249543, -2.628674938500699]
      time_from_start: 0
    - positions: [-1.885180338221289, -0.7524977937149131, 1.796380971722473, -0.8366465083870447, 1.492687310949808, 2.290044426743083, -1.945923442381178]
      time_from_start: 0
    - positions: [-0.9929497925339974, -0.7188449897846489, 1.931315036331451, -1.012179164214354, 1.731444083336326, 1.941574213841107, -1.14625471010804]
      time_from_start: 0
    - positions: [2.617620190029939, -1.501492431493665, 2.802726083929727, -1.311393815239082, 2.627618968371591, 1.686831135272234, 1.23988197493462]
      time_from_start: 0