joint_trajectory:
  joint_names: [panda_joint1, panda_joint2, panda_joint3, panda_joint4, panda_joint5, panda_joint6, panda_joint7]
  points:
    - positions: [-2.8973, -1.408900078313872, 0.3663656832200504, -0.8256121143744265, 2.78597221631341, 2.218203633497166, -2.511469849580606]
      time_from_start: 0
    - positions: [-2.570093027079211, -1.310875136909897, 0.1821338029950322, -0.839455298987009, 2.714112805483872, 2.12840627530887, -2.181992819111809]
      time_from_start: 0
    - positions: [-1.102248002186401, 0.998989771759867, -1.442135691773378, -1.596261047619176, 2.609957588886601, 1.507961295310726, 0.5193076940314363]
      time_from_start: 0
    - positions: [-0.3986383864303827, 1.752591598298925, -0.6042676072861058, -0.9273623721208005, 2.897299999033801, 1.829549459687975, 1.464127641195863]
      time_from_start: 0