joint_trajectory:
  joint_names: [panda_joint1, panda_joint2, panda_joint3, panda_joint4, panda_joint5, panda_joint6, panda_joint7]
  points:
    - positions: [-2.8973, -1.408900078313872, 0.3663656832200504, -0.8256121143744265, 2.78597221631341, 2.218203633497166, -2.511469849580606]
      time_from_start: 0
    - positions: [-2.447042292093057, -1.506561285943853, 0.406772600573051, -1.18814869522355, 2.450982879455627, 2.014916674183584, -0.8330888996531334]
      time_from_start: 0
    - positions: [-1.447635774402601, 1.127680827467807, -1.93447079453791, -2.103199461405119, 0.7345800937293807, 3.189485721159727, 0.9918545695819438]
      time_from_start: 0
    - positions: [-0.3986383864303829, 1.752591598298925, -0.604267607286106, -0.9273623721208009, 2.897299999033801, 1.829549459687975, 1.464127641195863]
      time_from_start: 0