joint_trajectory:
  joint_names: [panda_joint1, panda_joint2, panda_joint3, panda_joint4, panda_joint5, panda_joint6, panda_joint7]
  points:
    - positions: [-2.8973, -1.408900078313872, 0.3663656832200504, -0.8256121143744265, 2.78597221631341, 2.218203633497166, -2.511469849580606]
      time_from_start: 0
    - positions: [-2.324086109363627, -1.314158988089901, 0.006934056085048906, -0.80654183581913, 2.427250411164326, 2.243928180661285, -2.12836998230203]
      time_from_start: 0
    - positions: [-1.528029460442346, 1.395191221431456, -2.12928884336534, -1.531274424566887, -1.252750644224836, 2.254442803708371, 2.148094771957817]
      time_from_start: 0
    - positions: [-0.3986383864303829, 1.752591598298925, -0.6042676072861058, -0.9273623721208004, 2.897299999033801, 1.829549459687975, 1.464127641195863]
      time_from_start: 0