joint_trajectory:
  joint_names: [panda_joint1, panda_joint2, panda_joint3, panda_joint4, panda_joint5, panda_joint6, panda_joint7]
  points:
    - positions: [-2.62033383471621, -0.9298026369254137, 1.644962946867231, -0.5035024133763347, 1.297411504772243, 2.621025484790273, -2.471403258894623]
      time_from_start: 0
    - positions: [1.644907760371598, -1.336897671901871, -2.66080362061038, -1.24245264886518, 1.30528057827415, 2.002018758371078, 0.6512486126596073]
      time_from_start: 0
    - positions: [2.123954739006123, -1.561694509110971, -2.781600782298992, -1.083327554081662, 1.958507771577068, 2.102429013672562, 1.06807782577239]
      time_from_start: 0