joint_trajectory:
  joint_names: [panda_joint1, panda_joint2, panda_joint3, panda_joint4, panda_joint5, panda_joint6, panda_joint7]
  points:
    - positions: [-2.8973, -1.357477292289694, 0.2120216265625944, -0.710028998275964, 2.77090776212884, 2.241439818397557, -2.334240321343353]
      time_from_start: 0
    - positions: [-2.506209549797844, -1.287829106453618, 0.0384849441529433, -0.8079535839450931, 2.627331778546038, 2.103743763685997, -1.858073169667819]
      time_from_start: 0
    - positions: [-1.307746413954549, 0.751857582576678, -1.455133805406951, -1.760259772887536, 2.488803326090909, 1.064888171534398, 1.326411409130304]
      time_from_start: 0
    - positions: [-0.6408354852832782, 1.425346878368572, -0.1762617016183556, -1.385646308938002, 2.48206571738395, 1.728102790918983, 1.122066778927697]
      time_from_start: 0