joint_trajectory:
  joint_names: [panda_joint1, panda_joint2, panda_joint3, panda_joint4, panda_joint5, panda_joint6, panda_joint7]
  points:
    - positions: [0.4641176566815353, 0.9090766214258655, -1.386029252906685, -0.456277594231606, 1.189513430375585, 2.627469298357277, -2.438044620329926]
      time_from_start: 0
    - positions: [0.7078517358816157, 0.2111811372373531, 0.07365455683451208, -0.7172528275591373, 0.9254448916145006, 1.767850533953288, -1.43984408922364]
      time_from_start: 0
    - positions: [1.620796809746351, -1.022117519971827, 1.329025900570355, -1.527059999210157, 1.518135884864125, 1.759987326492619, 0.1110650676883312]
      time_from_start: 0
    - positions: [2.853117328402097, -1.389906865847969, 2.646145602149088, -1.518006906740325, 2.796620098818333, 1.634695457791695, 1.332825224660377]
      time_from_start: 0