joint_trajectory:
  joint_names: [panda_joint1, panda_joint2, panda_joint3, panda_joint4, panda_joint5, panda_joint6, panda_joint7]
  points:
    - positions: [0.2573515923503858, 0.5944499184468965, -0.35673917132732, -0.7399484624286854, 0.1614900603168396, 2.888195462999701, -2.310469575474168]
      time_from_start: 0
    - positions: [1.017920125498491, -0.8489180632889796, 1.435539817581204, -1.547727202889992, 0.6229864684434547, 1.982836051453231, -0.6529178193479002]
      time_from_start: 0
    - positions: [2.897299993689721, -1.476325813317144, 2.612756718486994, -1.498954286892536, 2.891232905650257, 1.588500757250201, 1.341474542291068]
      time_from_start: 0