joint_trajectory:
  joint_names: [panda_joint1, panda_joint2, panda_joint3, panda_joint4, panda_joint5, panda_joint6, panda_joint7]
  points:
    - positions: [-2.656079778427874, -0.9838599485384372, 1.547948446426271, -0.4932423433505345, 1.446890332153921, 2.614571199432131, -2.4982872362099]
      time_from_start: 0
    - positions: [1.310479263535513, -1.627059207437073, -2.041360439335881, -1.384782294213114, 1.209033512890308, 2.46906090350581, 0.8439058079127131]
      time_from_start: 0
    - positions: [1.631023047569062, -1.7628, -2.112937615968893, -1.405935355362285, 1.400972255663826, 2.578490369097741, 0.8256078047398522]
      time_from_start: 0