joint_trajectory:
  joint_names: [panda_joint1, panda_joint2, panda_joint3, panda_joint4, panda_joint5, panda_joint6, panda_joint7]
  points:
    - positions: [-2.8973, -1.408900078313872, 0.3663656832200504, -0.8256121143744265, 2.78597221631341, 2.218203633497166, -2.511469849580606]
      time_from_start: 0
    - positions: [-2.775455355980401, -1.703101582314257, -0.2523593609959478, -1.331451256882461, 2.889910326040944, 2.535993442679509, -2.7885284063966]
      time_from_start: 0
    - positions: [-1.283617059317261, 1.054324785864519, -1.531701573998513, -1.655135918929213, 2.71043008656047, 2.577493876333979, -1.181084774604983]
      time_from_start: 0
    - positions: [-0.3986383864303826, 1.752591598298925, -0.6042676072861058, -0.9273623721208007, 2.897299999033801, 1.829549459687975, 1.464127641195863]
      time_from_start: 0