joint_trajectory:
  joint_names: [panda_joint1, panda_joint2, panda_joint3, panda_joint4, panda_joint5, panda_joint6, panda_joint7]
  points:
    - positions: [-2.583834326596631, -0.5796383373461146, 2.369800470314617, -0.908613080194236, 0.5842111453752418, 2.930093165692198, -2.540951923919474]
      time_from_start: 0
    - positions: [-1.795085727753264, -0.3427786348371439, 2.352707609391341, -1.186498450560575, 0.464870502534688, 2.653870754521244, -2.053721707570422]
      time_from_start: 0
    - positions: [2.638917084470279, -1.413584593617994, 2.786706880638511, -1.426166412321875, 2.619080604786392, 1.655648196010961, 1.238337751377079]
      time_from_start: 0