joint_trajectory:
  joint_names: [panda_joint1, panda_joint2, panda_joint3, panda_joint4, panda_joint5, panda_joint6, panda_joint7]
  points:
    - positions: [-2.8973, -1.408900078313872, 0.3663656832200504, -0.8256121143744265, 2.78597221631341, 2.218203633497166, -2.511469849580606]
      time_from_start: 0
    - positions: [-2.610515217088694, -1.355551152687321, 0.2588876989702125, -0.9984140578593788, 2.311105518347138, 2.094373241036731, -2.419788428941085]
      time_from_start: 0
    - positions: [-2.618500351267588, 0.4351411199368536, 0.9218888163686731, -2.932622550039366, 2.124542415960645, 1.18422739418922, 0.88142044652747]
      time_from_start: 0
    - positions: [-0.3986383864303829, 1.752591598298925, -0.6042676072861058, -0.9273623721208004, 2.897299999033801, 1.829549459687975, 1.464127641195863]
      time_from_start: 0