joint_trajectory:
  joint_names: [panda_joint1, panda_joint2, panda_joint3, panda_joint4, panda_joint5, panda_joint6, panda_joint7]
  points:
    - positions: [0.4842109578460266, 1.254592632276866, -2.384796712871444, -0.7567848817353687, 2.32174038261644, 2.333087411792924, -2.595858785178123]
      time_from_start: 0
    - positions: [1.284454905620224, -1.146001712612187, 2.241793099767675, -1.295726380388254, 0.9692105693180371, 1.788587865405536, -0.003305172803049011]
      time_from_start: 0
    - positions: [2.708564190119695, -1.581903164934474, 2.766886747108627, -1.210195356596135, 2.743669643579356, 1.741164986160749, 1.270321878731667]
      time_from_start: 0