joint_trajectory:
  joint_names: [panda_joint1, panda_joint2, panda_joint3, panda_joint4, panda_joint5, panda_joint6, panda_joint7]
  points:
    - positions: [-2.8973, -1.408900078313872, 0.3663656832200504, -0.8256121143744265, 2.78597221631341, 2.218203633497166, -2.511469849580606]
      time_from_start: 0
    - positions: [-2.538594491006208, -1.332378850692202, 0.3626125185353676, -0.7247901330094142, 2.261830819121647, 2.178897793531965, -1.888626810989425]
      time_from_start: 0
    - positions: [-1.185062039176564, 0.8795728652223026, -1.203019035974668, -1.933330936646454, 0.02342293553204455, 2.235915622489787, 1.096072277592886]
      time_from_start: 0
    - positions: [-0.3986383864303829, 1.752591598298925, -0.6042676072861058, -0.9273623721208004, 2.897299999033801, 1.829549459687975, 1.464127641195863]
      time_from_start: 0