joint_trajectory:
  joint_names: [panda_joint1, panda_joint2, panda_joint3, panda_joint4, panda_joint5, panda_joint6, panda_joint7]
  points:
    - positions: [-2.666006764564315, -0.9786334823375336, 1.553252809153484, -0.4660440387970922, 1.426310549503001, 2.601412074556637, -2.47997118250625]
      time_from_start: 0
    - positions: [1.165465908247835, -1.474266099242437, -2.270278667183411, -1.396603596983324, 1.547384181848829, 2.203699626946972, 0.8713875539344461]
      time_from_start: 0
    - positions: [1.920374281165955, -1.748448033783022, -2.25687742202791, -1.070908382616035, 1.513267442187746, 2.445722006949917, 0.9652597565169715]
      time_from_start: 0