joint_trajectory:
  joint_names: [panda_joint1, panda_joint2, panda_joint3, panda_joint4, panda_joint5, panda_joint6, panda_joint7]
  points:
    - positions: [-2.704713871761215, -0.8127643448476235, 2.220200991785862, -0.4951333669619025, 0.6813120357558987, 2.735359609343991, -2.360792190547458]
      time_from_start: 0
    - positions: [-1.707654008231209, -0.6807741055267701, 1.935099315139189, -0.6074800144949092, 0.4644652294302998, 2.542245489477425, -1.715543142264991]
      time_from_start: 0
    - positions: [2.628384000508311, -1.469879340303445, 2.786050952278813, -1.344027129970853, 2.632418178258928, 1.672052554443767, 1.247564815573507]
      time_from_start: 0