joint_trajectory:
  joint_names: [panda_joint1, panda_joint2, panda_joint3, panda_joint4, panda_joint5, panda_joint6, panda_joint7]
  points:
    - positions: [-2.8973, -1.408900078313872, 0.3663656832200504, -0.8256121143744265, 2.78597221631341, 2.218203633497166, -2.511469849580606]
      time_from_start: 0
    - positions: [-2.426079179519439, -1.182945980194167, -0.07759547091695645, -0.8005648048223521, 2.680209750396414, 2.359490585270811, -2.167884353449135]
      time_from_start: 0
    - positions: [-2.524470230702404, 0.3257307516485453, 1.43392011312819, -2.719275963502331, 0.4948026203783695, 2.708876760511193, -2.26961383022368]
      time_from_start: 0
    - positions: [-0.3986383864303827, 1.752591598298925, -0.6042676072861058, -0.9273623721208005, 2.897299999033801, 1.829549459687975, 1.464127641195863]
      time_from_start: 0