joint_trajectory:
  joint_names: [panda_joint1, panda_joint2, panda_joint3, panda_joint4, panda_joint5, panda_joint6, panda_joint7]
  points:
    - positions: [-2.694977201120543, -0.9047275443481163, 1.865934222473083, -0.4318483921548226, 1.02919331014689, 2.635981363540184, -2.374304576014291]
      time_from_start: 0
    - positions: [-1.906365381956482, -0.6491476460834127, 1.999867743741147, -0.7472122055217785, -0.1991906895333243, 1.815501976225535, -1.292360814339422]
      time_from_start: 0
    - positions: [2.551693101248776, -1.428384095722745, 2.890986565207234, -1.260760086864805, 2.521580784207338, 1.800235852789762, 1.243568430989773]
      time_from_start: 0