joint_trajectory:
  joint_names: [panda_joint1, panda_joint2, panda_joint3, panda_joint4, panda_joint5, panda_joint6, panda_joint7]
  points:
    - positions: [-2.691967166373655, -1.221548130759587, 0.7795135636508782, -0.6294622216442358, 2.266791423284388, 2.388904639750836, -2.535496905613751]
      time_from_start: 0
    - positions: [-0.561262576638997, -1.235756097294351, 1.115792372506542, -0.7027746753160012, 1.577220651346679, 1.815755588784246, -1.069383320732519]
      time_from_start: 0
    - positions: [2.753907346107009, -1.430014149870116, 2.683707759261599, -1.428157079155677, 2.735173234862156, 1.655526157917226, 1.316232607766704]
      time_from_start: 0