joint_trajectory:
  joint_names: [panda_joint1, panda_joint2, panda_joint3, panda_joint4, panda_joint5, panda_joint6, panda_joint7]
  points:
    - positions: [-2.68362675672148, -0.6520956934727827, 2.418533948203357, -0.7071741861971833, 0.4991429672031634, 2.830765845947017, -2.41123359155689]
      time_from_start: 0
    - positions: [-1.359863044678076, -0.2556232070665109, 1.190248575946318, -1.317140771475068, 0.3098252738187025, 1.760237556694451, -1.155775350196908]
      time_from_start: 0
    - positions: [2.787437721725673, -1.542478538639584, 2.598146857364755, -1.280545353143355, 2.833422883660783, 1.686900448088368, 1.400424413007851]
      time_from_start: 0