joint_trajectory:
  joint_names: [panda_joint1, panda_joint2, panda_joint3, panda_joint4, panda_joint5, panda_joint6, panda_joint7]
  points:
    - positions: [-2.8973, -1.408900078313872, 0.3663656832200504, -0.8256121143744265, 2.78597221631341, 2.218203633497166, -2.511469849580606]
      time_from_start: 0
    - positions: [-2.685557027981116, -1.403195440450158, 0.2625715009847437, -0.7602902104666948, 2.755231825178109, 2.121632185565759, -2.342178842167828]
      time_from_start: 0
    - positions: [-1.30540830597508, 1.18714815633033, -1.618365502854859, -1.301395334208083, 2.016836013067341, 2.05567407052073, 0.8092267619920385]
      time_from_start: 0
    - positions: [-0.3986383864303826, 1.752591598298925, -0.6042676072861058, -0.9273623721208007, 2.897299999033801, 1.829549459687975, 1.464127641195863]
      time_from_start: 0