joint_trajectory:
  joint_names: [panda_joint1, panda_joint2, panda_joint3, panda_joint4, panda_joint5, panda_joint6, panda_joint7]
  points:
    - positions: [-2.768367531576565, -1.338782199143502, 0.4813046216532105, -0.7769348058656682, 2.572085974552866, 2.258156429724258, -2.485679151677623]
      time_from_start: 0
    - positions: [1.03317091247653, -1.212105866593777, 1.724528699671794, -1.095002148587756, 2.706121020356608, 2.027051856722951, -0.04105002908059183]
      time_from_start: 0
    - positions: [2.861116703879595, -1.581721869051672, 2.639757510827845, -1.250353190027323, 2.8973, 1.738449358223948, 1.340700320518526]
      time_from_start: 0