joint_trajectory:
  joint_names: [panda_joint1, panda_joint2, panda_joint3, panda_joint4, panda_joint5, panda_joint6, panda_joint7]
  points:
    - positions: [-2.407784934267335, -1.104946996860264, 1.184773252264896, -0.8834065961524487, 1.913268132944756, 2.494874034983935, -2.773471693046655]
      time_from_start: 0
    - positions: [-0.5644989905797907, -1.588631878313025, -1.111366620662747, -0.7012188073174701, 1.658082750624329, 2.904230512013062, -0.4945829845893736]
      time_from_start: 0
    - positions: [1.644424940841591, -1.7628, -2.201505786249322, -1.345532176566121, 1.384688208632487, 2.478876478465836, 0.8830003459597316]
      time_from_start: 0