joint_trajectory:
  joint_names: [panda_joint1, panda_joint2, panda_joint3, panda_joint4, panda_joint5, panda_joint6, panda_joint7]
  points:
    - positions: [-2.825786233098959, -1.117769959005933, 0.8411499561740712, -0.3840749942046814, 2.16137195419231, 2.45700358758326, -2.396550979902951]
      time_from_start: 0
    - positions: [0.8146766615300661, -1.299689203995434, -2.781155473958241, -1.294875279381684, 1.997340771900746, 0.8491958421844779, 1.698062764993548]
      time_from_start: 0
    - positions: [2.192416877171109, -1.423427783952899, -2.89729989055028, -1.364056243177887, 2.149123089702425, 1.96919984155592, 0.9443714795058037]
      time_from_start: 0