joint_trajectory:
  joint_names: [panda_joint1, panda_joint2, panda_joint3, panda_joint4, panda_joint5, panda_joint6, panda_joint7]
  points:
    - positions: [-2.77540330109147, -0.7989243398036388, 2.358400612418527, -0.4688281399653439, 0.5652608858236249, 2.713187321228773, -2.354993086977154]
      time_from_start: 0
    - positions: [-1.62675975902255, -0.3611739628811338, 2.319580594432382, -0.8274149513329154, 0.8078409286498303, 2.532749114775161, -1.588924211116565]
      time_from_start: 0
    - positions: [2.823461652586969, -1.654175331873335, 2.608560851385519, -1.109191192480003, 2.8973, 1.786986042652612, 1.385605987080613]
      time_from_start: 0