joint_trajectory:
  joint_names: [panda_joint1, panda_joint2, panda_joint3, panda_joint4, panda_joint5, panda_joint6, panda_joint7]
  points:
    - positions: [-2.897293271086268, -0.7355194724986952, 2.732266893577496, -0.4523496575681766, 0.1763795764054896, 2.734252749297205, -2.245794463056614]
      time_from_start: 0
    - positions: [-1.170592562022955, -0.4745215989717892, 2.195006909840261, -0.4875037083142396, 0.8740506080622938, 2.014458074379049, -1.576914243974834]
      time_from_start: 0
    - positions: [2.573730557336675, -1.623252006301728, 2.893242057030466, -0.9508015535591937, 2.574767619492753, 1.925248141427318, 1.299933480549019]
      time_from_start: 0