joint_trajectory:
  joint_names: [panda_joint1, panda_joint2, panda_joint3, panda_joint4, panda_joint5, panda_joint6, panda_joint7]
  points:
    - positions: [-2.573193915716362, -0.7291565087178675, 2.20498802525345, -0.7145643587232087, 0.6720907051045545, 2.829131202470388, -2.42021929247111]
      time_from_start: 0
    - positions: [-1.521995930021986, -0.522753051211974, 1.320905546204056, -1.56830433831268, 1.538350248890129, 2.934658277966689, -1.091443733711396]
      time_from_start: 0
    - positions: [2.874986064152939, -1.538883411466304, 2.564756845663674, -1.286193263718516, 2.897299993079123, 1.719054404462218, 1.423307064852702]
      time_from_start: 0