joint_trajectory:
  joint_names: [panda_joint1, panda_joint2, panda_joint3, panda_joint4, panda_joint5, panda_joint6, panda_joint7]
  points:
    - positions: [-2.8973, -1.408900078313872, 0.3663656832200504, -0.8256121143744265, 2.78597221631341, 2.218203633497166, -2.511469849580606]
      time_from_start: 0
    - positions: [-2.274878256584289, -1.231632942590483, -0.1180696404074191, -0.8493535711085289, 2.223648094450917, 2.135053804312052, -1.83342269487311]
      time_from_start: 0
    - positions: [-0.7823964959066149, 0.8987876359439235, -2.074310893955547, -1.612734847355922, 0.1337479981580478, 2.082337952528877, 1.230211382952602]
      time_from_start: 0
    - positions: [-0.3986383864303826, 1.752591598298925, -0.6042676072861058, -0.9273623721208007, 2.897299999033801, 1.829549459687975, 1.464127641195863]
      time_from_start: 0