joint_trajectory:
  joint_names: [panda_joint1, panda_joint2, panda_joint3, panda_joint4, panda_joint5, panda_joint6, panda_joint7]
  points:
    - positions: [-2.444872394395385, -0.9036094361718793, 1.620772323721896, -0.7276720034400886, 1.367178899828731, 2.673461523127382, -2.630068038441435]
      time_from_start: 0
    - positions: [0.2487579953804493, -1.425595550979497, -1.568718974195917, -1.51526594734035, 0.9080843291323166, 2.399474146563473, -0.5101922289492973]
      time_from_start: 0
    - positions: [2.209066868381323, -1.604408032889795, -2.8973, -0.9818585854356063, 2.036622288950546, 2.07379506525756, 1.147395187509824]
      time_from_start: 0