joint_trajectory:
  joint_names: [panda_joint1, panda_joint2, panda_joint3, panda_joint4, panda_joint5, panda_joint6, panda_joint7]
  points:
    - positions: [-2.600894835776789, -0.6332327057722261, 2.311189427072696, -0.823670228370333, 0.6369969643330687, 2.881568617397861, -2.508168885870923]
      time_from_start: 0
    - positions: [-1.058218908883001, -0.5034345379316245, 2.457905757302366, -1.189026056924498, 1.040215000298948, 2.815615369646817, -1.295887661917986]
      time_from_start: 0
    - positions: [2.759393733435411, -1.480530599873227, 2.695731945131197, -1.418003987300237, 2.765732422985405, 1.6185348880472, 1.286640163533083]
      time_from_start: 0