joint_trajectory:
  joint_names: [panda_joint1, panda_joint2, panda_joint3, panda_joint4, panda_joint5, panda_joint6, panda_joint7]
  points:
    - positions: [-2.8973, -1.408900078313872, 0.3663656832200504, -0.8256121143744265, 2.78597221631341, 2.218203633497166, -2.511469849580606]
      time_from_start: 0
    - positions: [-2.644895068613752, -1.395984045256793, -0.08460479130280324, -0.9282130089340896, 2.809757642756211, 1.981625098212395, -2.379371013030576]
      time_from_start: 0
    - positions: [-2.191590405550692, 1.096200097767077, -1.365247237868048, -1.097206415500492, 0.07775693715219401, 0.3144884101534262, 0.3469374280707447]
      time_from_start: 0
    - positions: [-0.3986383864303829, 1.752591598298925, -0.604267607286106, -0.9273623721208009, 2.897299999033801, 1.829549459687975, 1.464127641195863]
      time_from_start: 0