joint_trajectory:
  joint_names: [panda_joint1, panda_joint2, panda_joint3, panda_joint4, panda_joint5, panda_joint6, panda_joint7]
  points:
    - positions: [-2.8973, -1.408900078313872, 0.3663656832200504, -0.8256121143744265, 2.78597221631341, 2.218203633497166, -2.511469849580606]
      time_from_start: 0
    - positions: [-1.536610120068078, -0.9598785454153518, 0.9656191979207376, -1.323222034012936, 1.657714421922338, 1.878419823397458, -1.942445562377763]
      time_from_start: 0
    - positions: [-1.393898619789712, 1.319166135293427, 0.08879532271062685, -1.518392284536223, 1.220276789462354, 2.453935214814805, 1.286805567116701]
      time_from_start: 0
    - positions: [-0.3986383864303827, 1.752591598298925, -0.6042676072861058, -0.9273623721208005, 2.897299999033801, 1.829549459687975, 1.464127641195863]
      time_from_start: 0