joint_trajectory:
  joint_names: [panda_joint1, panda_joint2, panda_joint3, panda_joint4, panda_joint5, panda_joint6, panda_joint7]
  points:
    - positions: [-2.8973, -1.408900078313872, 0.3663656832200504, -0.8256121143744265, 2.78597221631341, 2.218203633497166, -2.511469849580606]
      time_from_start: 0
    - positions: [-1.847567007874913, -1.248230840058099, -0.106351910365814, -1.248011172920476, 1.87629178448083, 1.967452538053287, -1.349110312351532]
      time_from_start: 0
    - positions: [-1.907290445841851, -0.4945315020243194, -0.7832889630197588, -3.039847290074313, 1.531269573872398, 3.260711840377189, 1.69314805419772]
      time_from_start: 0
    - positions: [-0.3986383864303825, 1.752591598298925, -0.604267607286106, -0.9273623721208005, 2.897299999033801, 1.829549459687975, 1.464127641195863]
      time_from_start: 0