joint_trajectory:
  joint_names: [panda_joint1, panda_joint2, panda_joint3, panda_joint4, panda_joint5, panda_joint6, panda_joint7]
  points:
    - positions: [-2.8973, -1.519700255208309, 0.1448116681638962, -0.9886059093798594, 2.856919070946368, 2.125310424578062, -2.352321584783009]
      time_from_start: 0
    - positions: [-1.550543975857798, -1.15877190135707, 0.1567805493170063, -1.136082494457779, 2.123709373517673, 1.883832369981551, -1.773284383411118]
      time_from_start: 0
    - positions: [2.868953398878563, -1.534364181902665, 2.631984148472027, -1.388940045106581, 2.8973, 1.652478357034122, 1.336849184661109]
      time_from_start: 0