joint_trajectory:
  joint_names: [panda_joint1, panda_joint2, panda_joint3, panda_joint4, panda_joint5, panda_joint6, panda_joint7]
  points:
    - positions: [-2.662199056444769, -0.7090228379227071, 2.298214910388883, -0.6935611950348244, 0.7140453302615142, 2.826249498326398, -2.524195671671469]
      time_from_start: 0
    - positions: [1.479201898062729, -1.456684401019718, -2.365722945912488, -1.322986074346687, 1.398635712623059, 2.014992286376838, 1.041516743031183]
      time_from_start: 0
    - positions: [1.802726789219866, -1.584651987074642, -2.435535677338471, -1.478856827194546, 1.510483584400361, 2.252332497710397, 1.272167036013763]
      time_from_start: 0
    - positions: [2.04214501628631, -1.52896055075331, -2.658791138462036, -1.168272806627409, 1.871016102262821, 2.174422959834184, 1.020843201667424]
      time_from_start: 0