joint_trajectory:
  joint_names: [panda_joint1, panda_joint2, panda_joint3, panda_joint4, panda_joint5, panda_joint6, panda_joint7]
  points:
    - positions: [-2.8973, -1.408900078313872, 0.3663656832200504, -0.8256121143744265, 2.78597221631341, 2.218203633497166, -2.511469849580606]
      time_from_start: 0
    - positions: [-1.951990910022054, -1.320896889179566, 0.3720142208127708, -1.265075023396726, 1.777118874508007, 2.483614625570209, -2.06688986353516]
      time_from_start: 0
    - positions: [-0.7608923818966553, 1.148349068435771, -0.4888603549446858, -1.309097849561262, 2.015995854126518, 2.095291654540056, 1.310137245830844]
      time_from_start: 0
    - positions: [-0.3986383864303829, 1.752591598298925, -0.604267607286106, -0.9273623721208006, 2.897299999033801, 1.829549459687975, 1.464127641195863]
      time_from_start: 0