joint_trajectory:
  joint_names: [panda_joint1, panda_joint2, panda_joint3, panda_joint4, panda_joint5, panda_joint6, panda_joint7]
  points:
    - positions: [0.6864285957547833, 0.7293022565874175, -1.096512399256978, -0.8103972269210539, 0.8506984440638996, 2.841298873523013, -2.519385704781104]
      time_from_start: 0
    - positions: [1.398837205130171, -0.8963278060896795, 1.15089028453667, -1.490323540036608, 1.880532407846658, 1.80645325133977, 0.2260600233549515]
      time_from_start: 0
    - positions: [1.725231754893616, -1.076758259621652, 1.491515163454661, -1.450408303015347, 2.120449893480598, 1.758215313029382, 0.5286074598040282]
      time_from_start: 0
    - positions: [2.816468486674177, -1.610337041173567, 2.545285129124507, -1.273585144713088, 2.893944618746855, 1.649504980171611, 1.422210373049583]
      time_from_start: 0