joint_trajectory:
  joint_names: [panda_joint1, panda_joint2, panda_joint3, panda_joint4, panda_joint5, panda_joint6, panda_joint7]
  points:
    - positions: [-2.8973, -1.408900078313872, 0.3663656832200504, -0.8256121143744265, 2.78597221631341, 2.218203633497166, -2.511469849580606]
      time_from_start: 0
    - positions: [-2.423792502472052, -1.298730443058781, 0.2914015504761862, -0.9871108753192684, 2.588491825050491, 2.30571735954217, -2.136744694361701]
      time_from_start: 0
    - positions: [-2.294809370554099, 0.2463793754752723, -2.350456988089951, -1.903778649084316, -1.546031949147442, 2.896188552970998, -1.897455755295744]
      time_from_start: 0
    - positions: [-0.3986383864303829, 1.752591598298925, -0.604267607286106, -0.9273623721208006, 2.897299999033801, 1.829549459687975, 1.464127641195863]
      time_from_start: 0