joint_trajectory:
  joint_names: [panda_joint1, panda_joint2, panda_joint3, panda_joint4, panda_joint5, panda_joint6, panda_joint7]
  points:
    - positions: [-2.755286580170368, -0.8013854413818335, 2.346933839265491, -0.4571680745913657, 0.5056477743612412, 2.731354076692589, -2.270768235804007]
      time_from_start: 0
    - positions: [-2.695201063524085, -0.7968676721981964, 2.300670737390222, -0.4548413386800291, 0.4878774768031153, 2.711692287495669, -2.217200899765891]
      time_from_start: 0
    - positions: [1.377781934426466, -1.661374165058184, -2.248284032023732, -1.351875327727922, 0.6966349154960998, 1.959868607928721, 0.6367462701085667]
      time_from_start: 0
    - positions: [1.711930576265333, -1.7628, -2.180596467153466, -1.203071315920523, 1.316270711945622, 2.486129932643035, 1.017201516332609]
      time_from_start: 0