joint_trajectory:
  joint_names: [panda_joint1, panda_joint2, panda_joint3, panda_joint4, panda_joint5, panda_joint6, panda_joint7]
  points:
    - positions: [-2.552162748068028, -1.394175971294284, 1.488835270941614, -0.86247585756485, 2.546872417178043, 2.797010509491026, 2.8973]
      time_from_start: 0
    - positions: [-1.656756470710887, -0.4854889700630654, -0.7677299243591846, -1.955207329129155, 1.606695870154671, 2.301075430814324, 2.532727897331841]
      time_from_start: 0
    - positions: [-1.041881023540201, 1.438410816670798, 0.2574055635961072, -1.174498983666631, 1.454244964163605, 2.292967072525078, 0.4765853569602215]
      time_from_start: 0
    - positions: [-0.3791315541201435, 1.757663291700044, 1.240543610313191, -0.5772886955100514, 2.312610329631511, 2.747858668868632, 0.25932551165305]
      time_from_start: 0