joint_trajectory:
  joint_names: [panda_joint1, panda_joint2, panda_joint3, panda_joint4, panda_joint5, panda_joint6, panda_joint7]
  points:
    - positions: [0, -0.785, 0, -2.356, 0, 1.571, 0.785]
      time_from_start: 0
    - positions: [0.7330759928513737, 0.4291170513524064, 0.3378671623806527, -1.179875403095223, -2.740194547758469, 2.269070940177591, -0.1786264774808295]
      time_from_start: 0
    - positions: [0.7228481676508027, 0.6847670404618085, 0.5784150731409285, -1.221039860610251, -2.816009381476308, 2.38297047465896, -0.1525422553751468]
      time_from_start: 0
    - positions: [0.6539780338126064, 0.9992207485940672, 0.8785333405824507, -1.280421657407395, -2.889256208979119, 2.510644434398017, -0.129759777984483]
      time_from_start: 0