joint_trajectory:
  joint_names: [panda_joint1, panda_joint2, panda_joint3, panda_joint4, panda_joint5, panda_joint6, panda_joint7]
  points:
    - positions: [0, -0.785, 0, -2.356, 0, 1.571, 0.785]
      time_from_start: 0
    - positions: [0.6179308237830146, 0.2728795459983038, 1.26982220965528, -1.142465752666133, -0.7206696659904255, 1.92457979529315, 0.8106265932564274]
      time_from_start: 0
    - positions: [0.6542591497344478, 0.9991537307605043, 0.8781033259893812, -1.279818521850091, -2.886889484997198, 2.512442741216016, -0.1350040978877752]
      time_from_start: 0