joint_trajectory:
  joint_names: [panda_joint1, panda_joint2, panda_joint3, panda_joint4, panda_joint5, panda_joint6, panda_joint7]
  points:
    - positions: [0, -0.785, 0, -2.356, 0, 1.571, 0.785]
      time_from_start: 0
    - positions: [0.4712971535892278, 0.3383590380704048, 0.5307455044241833, -1.323881210915938, -1.341238034001304, 2.904537330664798, 0.8192792957079253]
      time_from_start: 0
    - positions: [1.072174051368679, 0.8044537247667327, 0.2287097432931084, -1.235747754149484, -2.751330419736178, 2.62205782745213, 0.2745036656323462]
      time_from_start: 0