joint_trajectory:
  joint_names: [panda_joint1, panda_joint2, panda_joint3, panda_joint4, panda_joint5, panda_joint6, panda_joint7]
  points:
    - positions: [0, -0.785, 0, -2.356, 0, 1.571, 0.785]
      time_from_start: 0
    - positions: [1.059932280681755, -1.130728093429337, 0.02858953632245916, -1.822139821339023, 1.220009961032357, 1.988399884386241, -0.8329746860562367]
      time_from_start: 0
    - positions: [0.6534095072927908, 0.9986885089305604, 0.8791433634907027, -1.28243576182455, -2.8973, 2.506196450683682, -0.1277126344377887]
      time_from_start: 0