joint_trajectory:
  joint_names: [panda_joint1, panda_joint2, panda_joint3, panda_joint4, panda_joint5, panda_joint6, panda_joint7]
  points:
    - positions: [0, -0.785, 0, -2.356, 0, 1.571, 0.785]
      time_from_start: 0
    - positions: [-0.1024721751780875, 0.2471055629895521, 1.119389264577409, -1.928536693344429, -0.3600342316964313, 2.199716229714912, 0.6544721701297096]
      time_from_start: 0
    - positions: [0.6251949411479911, 1.16787050774532, 1.144373450983328, -1.283650443827228, -2.782296565001106, 2.238075059960687, -0.1423720498534841]
      time_from_start: 0
    - positions: [0.6528563167315965, 0.9994373654571916, 0.8801745563598398, -1.281895086076612, -2.895030455233252, 2.507620595288024, -0.1264462845473596]
      time_from_start: 0