joint_trajectory:
  joint_names: [panda_joint1, panda_joint2, panda_joint3, panda_joint4, panda_joint5, panda_joint6, panda_joint7]
  points:
    - positions: [0, -0.785, 0, -2.356, 0, 1.571, 0.785]
      time_from_start: 0
    - positions: [0.312346333466489, 0.1482557690113125, 0.8701050118901263, -2.016310132945887, -2.221717468643027, 1.18600527488575, 1.548542761660154]
      time_from_start: 0
    - positions: [0.4160971045812064, 0.2789330452030254, 0.8989850821687082, -1.883705059420703, -2.472020608236587, 1.396367349064501, 1.252014115861066]
      time_from_start: 0
    - positions: [0.6537840171539212, 0.9996310843616603, 0.8790101657551331, -1.280169548046994, -2.890008936579241, 2.510665103215163, -0.1312833549973474]
      time_from_start: 0