joint_trajectory:
  joint_names: [panda_joint1, panda_joint2, panda_joint3, panda_joint4, panda_joint5, panda_joint6, panda_joint7]
  points:
    - positions: [0, -0.785, 0, -2.356, 0, 1.571, 0.785]
      time_from_start: 0
    - positions: [-0.09371392208093106, 0.3612163495186548, 1.527524101415023, -1.721278968214534, -2.377598071250243, 1.791057830846545, 0.5230016123601378]
      time_from_start: 0
    - positions: [0.6528833783449738, 1.000455373333266, 0.8806135098550818, -1.279997915947177, -2.896849769849875, 2.511742450874797, -0.1255336732279005]
      time_from_start: 0