joint_trajectory:
  joint_names: [panda_joint1, panda_joint2, panda_joint3, panda_joint4, panda_joint5, panda_joint6, panda_joint7]
  points:
    - positions: [0, -0.785, 0, -2.356, 0, 1.571, 0.785]
      time_from_start: 0
    - positions: [1.26977250028636, -0.4042986711448876, -0.3612576838604865, -1.473169207910821, -1.276627996529088, 1.860930686836824, -0.3468075450738802]
      time_from_start: 0
    - positions: [0.6541254961789793, 0.9993740835840955, 0.8783526727752781, -1.279522546052937, -2.889143523615428, 2.513020819415244, -0.1336969791100567]
      time_from_start: 0