joint_trajectory:
  joint_names: [panda_joint1, panda_joint2, panda_joint3, panda_joint4, panda_joint5, panda_joint6, panda_joint7]
  points:
    - positions: [0, -0.785, 0, -2.356, 0, 1.571, 0.785]
      time_from_start: 0
    - positions: [0.09022374579356585, -0.8436329701375327, 0.1181493880751826, -2.194579850143741, -0.04677218681363846, 1.562909053129882, 0.9106310570806229]
      time_from_start: 0
    - positions: [1.048573002443145, 0.5981529715271814, 0.3117454391315466, -1.200611769843229, -2.526250900241203, 2.512957990507106, 0.4358640938292137]
      time_from_start: 0
    - positions: [1.072174051368679, 0.8044537247667326, 0.2287097432931083, -1.235747754149484, -2.751330419736177, 2.622057827452129, 0.2745036656323461]
      time_from_start: 0