joint_trajectory:
  joint_names: [panda_joint1, panda_joint2, panda_joint3, panda_joint4, panda_joint5, panda_joint6, panda_joint7]
  points:
    - positions: [-0.1398220458022287, 1.063770851861237, 0.07536156578116912, -0.5412330746705887, -1.343271548374047, 3.257349268119182, -1.070015271288348]
      time_from_start: 0
    - positions: [1.084565707000814, 0.4332267939617352, 0.4825326599374277, -1.672163154743227, -1.101937052423819, 2.809831645868598, -0.8305634676287301]
      time_from_start: 0
    - positions: [-0.004380661588977319, 1.722173616255668, 1.121095216120916, -1.649517571538051, 1.535197806823306, 2.497473199452745, -0.1287263819773818]
      time_from_start: 0
    - positions: [-0.3864997777965158, 1.7628, 1.261551982747676, -0.5937980453577183, 2.292893140244627, 2.756102288152148, 0.2396261229300617]
      time_from_start: 0