joint_trajectory:
  joint_names: [panda_joint1, panda_joint2, panda_joint3, panda_joint4, panda_joint5, panda_joint6, panda_joint7]
  points:
    - positions: [0, -0.785, 0, -2.356, 0, 1.571, 0.785]
      time_from_start: 0
    - positions: [0.7597360209449505, 0.4414362250463192, 0.2574695288567394, -0.9012021509505276, -2.353600545781781, 2.1236336844869, 0.6833304469007351]
      time_from_start: 0
    - positions: [1.156157586676369, 0.64126520375972, 0.1883912438479605, -1.181409943215643, -2.280310714762752, 2.590017232273045, 0.3327881261222333]
      time_from_start: 0
    - positions: [1.072174051368679, 0.8044537247667327, 0.2287097432931084, -1.235747754149484, -2.751330419736177, 2.62205782745213, 0.2745036656323458]
      time_from_start: 0