joint_trajectory:
  joint_names: [panda_joint1, panda_joint2, panda_joint3, panda_joint4, panda_joint5, panda_joint6, panda_joint7]
  points:
    - positions: [0, -0.785, 0, -2.356, 0, 1.571, 0.785]
      time_from_start: 0
    - positions: [0.8218688288922131, -0.2069034877253329, 0.1768237246001739, -1.67057795777932, -0.6347708507134255, 1.918226771157114, 0.4759361458533519]
      time_from_start: 0
    - positions: [0.6539206127940872, 0.9992568507968661, 0.8786426529349611, -1.280360314239176, -2.895065577482931, 2.510566586077739, -0.1300951180800598]
      time_from_start: 0