joint_trajectory:
  joint_names: [panda_joint1, panda_joint2, panda_joint3, panda_joint4, panda_joint5, panda_joint6, panda_joint7]
  points:
    - positions: [0, -0.785, 0, -2.356, 0, 1.571, 0.785]
      time_from_start: 0
    - positions: [0.5401082517730573, -0.7839840111686973, -0.1695287429371132, -2.075250591677903, -0.04996617001516034, 1.886848497504182, 1.223476213916174]
      time_from_start: 0
    - positions: [1.124280148820265, 0.4535570169321554, 0.08737509849516129, -1.333131991031506, -2.169741441965758, 2.558764954852846, 0.6221371208663979]
      time_from_start: 0
    - positions: [1.072174051368679, 0.8044537247667327, 0.2287097432931084, -1.235747754149484, -2.751330419736177, 2.62205782745213, 0.2745036656323458]
      time_from_start: 0