joint_trajectory:
  joint_names: [panda_joint1, panda_joint2, panda_joint3, panda_joint4, panda_joint5, panda_joint6, panda_joint7]
  points:
    - positions: [-2.729335696920173, -1.737089113557046, 0.8507466345915853, -0.8457949057679552, 2.793282704409893, 2.692675567020068, -2.878358372138444]
      time_from_start: 0
    - positions: [-2.696284363371646, 1.513454712899029, -1.207783455697587, -2.852078555171355, -0.6794953462379518, 2.759825473548844, 1.95260152696902]
      time_from_start: 0
    - positions: [-0.3639565481406176, 1.7628, 1.26355109910852, -0.5599491665163658, 2.314151482798886, 2.759367948329566, 0.2303689707544549]
      time_from_start: 0