joint_trajectory:
  joint_names: [panda_joint1, panda_joint2, panda_joint3, panda_joint4, panda_joint5, panda_joint6, panda_joint7]
  points:
    - positions: [-0.5595822706714727, 1.327281113449086, 1.509131624201117, -0.8123118727619167, -2.457420551546525, 2.850318451267292, -1.254328111860447]
      time_from_start: 0
    - positions: [1.374158561308826, -1.317188022936837, -1.732011000052036, -2.162697045700459, 0.6034858673131831, 1.584552261831692, -0.01114321878490686]
      time_from_start: 0
    - positions: [1.843310984554419, -1.466130073956841, -2.13895520758759, -2.353514820133253, 0.6938276665877059, 1.681299856341935, 0.2966175738439825]
      time_from_start: 0
    - positions: [2.82074417113427, -1.7628, -1.916429724412638, -0.5016334051725359, 2.286398981405446, 2.757673739912184, 0.3064160361161819]
      time_from_start: 0