joint_trajectory:
  joint_names: [panda_joint1, panda_joint2, panda_joint3, panda_joint4, panda_joint5, panda_joint6, panda_joint7]
  points:
    - positions: [0.5737893348059546, 1.412867588775433, -1.655411479392899, -0.8329871807436708, 2.56335605489655, 2.831721165708002, 2.8973]
      time_from_start: 0
    - positions: [-2.1912599772688, -0.8697436225958168, -1.903829208139004, -0.1438007560145342, 2.586181545985164, 2.608885034353007, 0.7902405043102334]
      time_from_start: 0
    - positions: [-1.346560347051034, 1.635951621938869, -0.5712299680043014, -1.499283053861209, -0.2568561368876137, 0.6337281359988265, 0.8639036663768347]
      time_from_start: 0
    - positions: [-0.2972088520124439, 1.762791862085523, 1.233307024472766, -0.446266056398041, 2.230527471701669, 2.799152929603874, 0.3758477832846996]
      time_from_start: 0