joint_trajectory:
  joint_names: [panda_joint1, panda_joint2, panda_joint3, panda_joint4, panda_joint5, panda_joint6, panda_joint7]
  points:
    - positions: [0, -0.785, 0, -2.356, 0, 1.571, 0.785]
      time_from_start: 0
    - positions: [0.2278592697933382, 0.2262831248016897, 0.8486286024379759, -1.970972411857201, -0.256421354092198, 1.802390617637346, 0.9356108362388925]
      time_from_start: 0
    - positions: [0.534436151003334, 0.9549480912847936, 1.110650106951601, -1.470107677804314, -1.817356171027064, 2.267863380386022, 0.3770557093389308]
      time_from_start: 0
    - positions: [0.6539601557277512, 0.9988288236052631, 0.8784204345569847, -1.281365855743743, -2.888057417530161, 2.507922195828013, -0.1300188082461905]
      time_from_start: 0