joint_trajectory:
  joint_names: [panda_joint1, panda_joint2, panda_joint3, panda_joint4, panda_joint5, panda_joint6, panda_joint7]
  points:
    - positions: [0, -0.785, 0, -2.356, 0, 1.571, 0.785]
      time_from_start: 0
    - positions: [0.4794697414865543, -0.1005634587962091, 0.4504105231135045, -2.062384095378499, -0.5428938233110788, 2.654708446353149, 0.8732015406209704]
      time_from_start: 0
    - positions: [0.6537901356429916, 0.9982739627166608, 0.878363715031547, -1.282533190428564, -2.893466036553857, 2.505861451261395, -0.1305976585907114]
      time_from_start: 0