joint_trajectory:
  joint_names: [panda_joint1, panda_joint2, panda_joint3, panda_joint4, panda_joint5, panda_joint6, panda_joint7]
  points:
    - positions: [0, -0.785, 0, -2.356, 0, 1.571, 0.785]
      time_from_start: 0
    - positions: [0.6926760441714035, 0.5236208593155307, 0.5600161347238106, -1.157457176783129, -2.526540866429112, 2.222947400420532, -0.007125368259482109]
      time_from_start: 0
    - positions: [0.6533938149252516, 0.9994826185438571, 0.8794723895559518, -1.281147553775273, -2.891585204229697, 2.508807194262005, -0.1293130693293865]
      time_from_start: 0