joint_trajectory:
  joint_names: [panda_joint1, panda_joint2, panda_joint3, panda_joint4, panda_joint5, panda_joint6, panda_joint7]
  points:
    - positions: [0.0766025528602481, 1.04400030574214, 0.1539813595807241, -0.5701747156628897, 1.181522432113187, 3.302269123666816, 2.612300239269453]
      time_from_start: 0
    - positions: [1.205210348872374, -0.9646117750963239, -2.003386121025863, -2.058579972431806, 1.373303598753196, 2.541302758402883, 0.1763630024527233]
      time_from_start: 0
    - positions: [1.801480077840608, -1.55640551956263, -2.367276123402507, -1.622632637880047, 1.7911005384909, 3.049541832801567, 0.2231834036489667]
      time_from_start: 0
    - positions: [2.800241811393745, -1.759177306304224, -1.917381761210389, -0.5221626751470303, 2.263209266991027, 2.756663607622448, 0.3358372730680727]
      time_from_start: 0