joint_trajectory:
  joint_names: [panda_joint1, panda_joint2, panda_joint3, panda_joint4, panda_joint5, panda_joint6, panda_joint7]
  points:
    - positions: [0, -0.785, 0, -2.356, 0, 1.571, 0.785]
      time_from_start: 0
    - positions: [0.4670639130758825, 0.522173154479357, 0.9399409351314576, -1.277967249025141, -2.449286627524963, 2.101103133802015, -0.1787741166841857]
      time_from_start: 0
    - positions: [0.6532307943780015, 0.9997316689434506, 0.8797523228680023, -1.280498968131909, -2.896395729883601, 2.511512409675376, -0.1246560053090872]
      time_from_start: 0