joint_trajectory:
  joint_names: [panda_joint1, panda_joint2, panda_joint3, panda_joint4, panda_joint5, panda_joint6, panda_joint7]
  points:
    - positions: [0, -0.785, 0, -2.356, 0, 1.571, 0.785]
      time_from_start: 0
    - positions: [0.9767468776748539, 0.2161115088022471, 0.3706488757658747, -1.112049835293038, -1.177823436376128, 1.876167852403596, -0.5534207361596604]
      time_from_start: 0
    - positions: [0.6535443058164522, 0.9991067693033377, 0.8792187556529489, -1.281469919930435, -2.893368630091649, 2.508232814180936, -0.1262915531155933]
      time_from_start: 0