joint_trajectory:
  joint_names: [panda_joint1, panda_joint2, panda_joint3, panda_joint4, panda_joint5, panda_joint6, panda_joint7]
  points:
    - positions: [0, -0.785, 0, -2.356, 0, 1.571, 0.785]
      time_from_start: 0
    - positions: [0.2453635981525825, 0.04712509128088367, 1.402252471981772, -1.123210236645329, -1.306855342394031, 1.959647119052259, 0.2118861977898213]
      time_from_start: 0
    - positions: [0.6537095544095129, 0.9993010185042905, 0.878903014212107, -1.280362730706952, -2.894362868154308, 2.511115853621006, -0.1301772646528128]
      time_from_start: 0