joint_trajectory:
  joint_names: [panda_joint1, panda_joint2, panda_joint3, panda_joint4, panda_joint5, panda_joint6, panda_joint7]
  points:
    - positions: [0, -0.785, 0, -2.356, 0, 1.571, 0.785]
      time_from_start: 0
    - positions: [0.9063164143515983, 0.4967153120890481, 1.054006138808071, -0.706867033055034, -2.235535682009373, 2.41239914696373, 0.4213953659159371]
      time_from_start: 0
    - positions: [0.8458842081364442, 0.6964128266447555, 0.438537132575496, -1.19382177732437, -2.697819963508765, 2.649073601151688, 0.1932260436021818]
      time_from_start: 0
    - positions: [1.072174051368679, 0.8044537247667327, 0.2287097432931084, -1.235747754149484, -2.751330419736177, 2.62205782745213, 0.2745036656323458]
      time_from_start: 0