joint_trajectory:
  joint_names: [panda_joint1, panda_joint2, panda_joint3, panda_joint4, panda_joint5, panda_joint6, panda_joint7]
  points:
    - positions: [-2.8973, -1.008886286973858, 2.242867465018755, -0.8410003125142065, -0.7470247766176822, 3.52345783026382, -0.8914217001457276]
      time_from_start: 0
    - positions: [1.580423081031575, -1.433652374098336, -2.276041220476981, -1.304629298256683, 0.8216912828934428, 1.870297706755662, -0.5325874056324723]
      time_from_start: 0
    - positions: [2.089617977665439, -1.596182471382652, -2.160017838034988, -1.081960634761155, 1.239885196086537, 2.10251565699641, -0.3657158085480638]
      time_from_start: 0
    - positions: [2.838753395697062, -1.762757044622098, -1.89302657485991, -0.4553266172370351, 2.243171667272459, 2.777494404112039, 0.3476480402606123]
      time_from_start: 0