joint_trajectory:
  joint_names: [panda_joint1, panda_joint2, panda_joint3, panda_joint4, panda_joint5, panda_joint6, panda_joint7]
  points:
    - positions: [0, -0.785, 0, -2.356, 0, 1.571, 0.785]
      time_from_start: 0
    - positions: [0.9845227168497841, 0.005049329498506082, 0.1627040847495454, -1.55237181596918, -1.434584426156067, 1.971849428113549, 0.3822785185721733]
      time_from_start: 0
    - positions: [0.6539712290624087, 0.9988810979549462, 0.8783577462711405, -1.280737757365127, -2.892549044459842, 2.510313426839928, -0.1317865256651785]
      time_from_start: 0