joint_trajectory:
  joint_names: [panda_joint1, panda_joint2, panda_joint3, panda_joint4, panda_joint5, panda_joint6, panda_joint7]
  points:
    - positions: [0, -0.785, 0, -2.356, 0, 1.571, 0.785]
      time_from_start: 0
    - positions: [-0.2233299325319884, -0.157039029491869, 1.311945298546238, -2.076828404099353, -2.391603472261047, 2.363301481593028, 1.336447202345965]
      time_from_start: 0
    - positions: [0.6535181618175582, 0.9991637410891147, 0.8789804792546402, -1.281069291605774, -2.889910022204933, 2.509596091631085, -0.1312402286285878]
      time_from_start: 0