joint_trajectory:
  joint_names: [panda_joint1, panda_joint2, panda_joint3, panda_joint4, panda_joint5, panda_joint6, panda_joint7]
  points:
    - positions: [0, -0.785, 0, -2.356, 0, 1.571, 0.785]
      time_from_start: 0
    - positions: [0.7105952814172483, 0.4721707251647813, 0.6268200733256339, -1.186974817587449, -2.041700405857032, 2.179377339714427, 0.5897689555397942]
      time_from_start: 0
    - positions: [0.6533843132582628, 0.9998088399754209, 0.8795462710477231, -1.279793446504358, -2.895308820571254, 2.512624726266028, -0.1286271606952551]
      time_from_start: 0