joint_trajectory:
  joint_names: [panda_joint1, panda_joint2, panda_joint3, panda_joint4, panda_joint5, panda_joint6, panda_joint7]
  points:
    - positions: [0, -0.785, 0, -2.356, 0, 1.571, 0.785]
      time_from_start: 0
    - positions: [0.2815580049578737, -0.3040175132459425, 0.5513388926303457, -1.511077644279031, -1.528174843207889, 2.00253190742687, -0.7185195896837607]
      time_from_start: 0
    - positions: [0.5687727588145655, 0.6738971238810081, 0.8203997034068644, -1.297922323776331, -2.606231981921799, 2.394017700698158, -0.3689150465498685]
      time_from_start: 0
    - positions: [0.6537454907717124, 0.9986889644685183, 0.8786442586294275, -1.282090954571372, -2.890170648619772, 2.506292408050228, -0.1283708282288143]
      time_from_start: 0