joint_trajectory:
  joint_names: [panda_joint1, panda_joint2, panda_joint3, panda_joint4, panda_joint5, panda_joint6, panda_joint7]
  points:
    - positions: [0, -0.785, 0, -2.356, 0, 1.571, 0.785]
      time_from_start: 0
    - positions: [1.093765677289372, -0.8459925944643747, -0.4732155810722005, -1.909254847632749, 0.01219826543211571, 1.430916450760681, -0.6217926073530261]
      time_from_start: 0
    - positions: [0.6545506444494185, 0.9981014841008786, 0.8771829642588058, -1.281267244221608, -2.886803046381866, 2.509445506284821, -0.133457596722733]
      time_from_start: 0