joint_trajectory:
  joint_names: [panda_joint1, panda_joint2, panda_joint3, panda_joint4, panda_joint5, panda_joint6, panda_joint7]
  points:
    - positions: [0, -0.785, 0, -2.356, 0, 1.571, 0.785]
      time_from_start: 0
    - positions: [0.03946450054063169, 0.002990950370951817, 1.034118907983973, -1.843486078246144, -0.6633142417119422, 2.247284133048881, 0.4856653191613541]
      time_from_start: 0
    - positions: [0.6526536840451705, 1.000396600059, 0.8807440347544985, -1.280233408821092, -2.894408704090224, 2.511611195276821, -0.1271837729418879]
      time_from_start: 0