joint_trajectory:
  joint_names: [panda_joint1, panda_joint2, panda_joint3, panda_joint4, panda_joint5, panda_joint6, panda_joint7]
  points:
    - positions: [0, -0.785, 0, -2.356, 0, 1.571, 0.785]
      time_from_start: 0
    - positions: [0.1766189215967306, 0.01345894151900569, 1.260285898328888, -1.518043603900098, -2.071762207390829, 2.116762194614183, 0.6577177093605922]
      time_from_start: 0
    - positions: [0.6540419525155524, 0.9984874617628156, 0.8782769589936215, -1.28199407374059, -2.889130562360927, 2.506451557532201, -0.1326197761498946]
      time_from_start: 0