joint_trajectory:
  joint_names: [panda_joint1, panda_joint2, panda_joint3, panda_joint4, panda_joint5, panda_joint6, panda_joint7]
  points:
    - positions: [-0.1398220458022287, 1.063770851861237, 0.07536156578116912, -0.5412330746705887, -1.343271548374047, 3.257349268119182, -1.070015271288348]
      time_from_start: 0
    - positions: [-0.8638830171746019, 0.8418882032824915, -0.5309808163608224, -1.129738316408167, -0.7042998510317362, 1.87760083642959, 0.09242729249819626]
      time_from_start: 0
    - positions: [-0.6176029565343383, 1.412003071949193, -0.0873566636281366, -1.623866163718927, 0.4081577971747059, 1.002421736093526, -0.1683276398328385]
      time_from_start: 0
    - positions: [-0.386499777796516, 1.7628, 1.261551982747676, -0.5937980453577182, 2.292893140244627, 2.756102288152148, 0.2396261229300615]
      time_from_start: 0