joint_trajectory:
  joint_names: [panda_joint1, panda_joint2, panda_joint3, panda_joint4, panda_joint5, panda_joint6, panda_joint7]
  points:
    - positions: [0, -0.785, 0, -2.356, 0, 1.571, 0.785]
      time_from_start: 0
    - positions: [0.4288755978075252, -1.080303705702938, 1.003277087074732, -1.566921785771362, -0.9778494952410275, 1.869953656659713, 0.3485565900639441]
      time_from_start: 0
    - positions: [0.6531500217579279, 1.000071886132683, 0.8801077538057287, -1.28024611526103, -2.895200105592098, 2.511229560475458, -0.1272979934495055]
      time_from_start: 0