joint_trajectory:
  joint_names: [panda_joint1, panda_joint2, panda_joint3, panda_joint4, panda_joint5, panda_joint6, panda_joint7]
  points:
    - positions: [0, -0.785, 0, -2.356, 0, 1.571, 0.785]
      time_from_start: 0
    - positions: [0.8058330598215068, -0.7826193940633418, -0.04854564489874009, -1.030424983131595, -0.443800451023943, 1.870186804090766, 1.324052923458596]
      time_from_start: 0
    - positions: [1.072174051368679, 0.8044537247667329, 0.2287097432931083, -1.235747754149484, -2.751330419736177, 2.622057827452129, 0.2745036656323461]
      time_from_start: 0