joint_trajectory:
  joint_names: [panda_joint1, panda_joint2, panda_joint3, panda_joint4, panda_joint5, panda_joint6, panda_joint7]
  points:
    - positions: [0, -0.785, 0, -2.356, 0, 1.571, 0.785]
      time_from_start: 0
    - positions: [0.4651756638272297, -0.4127195818823667, 0.4635201712983029, -1.3145604334719, -0.247789675280913, 1.942138061510387, 0.860114453051105]
      time_from_start: 0
    - positions: [1.072174051368679, 0.8044537247667329, 0.2287097432931083, -1.235747754149484, -2.751330419736177, 2.622057827452129, 0.2745036656323461]
      time_from_start: 0