joint_trajectory:
  joint_names: [panda_joint1, panda_joint2, panda_joint3, panda_joint4, panda_joint5, panda_joint6, panda_joint7]
  points:
    - positions: [0, -0.785, 0, -2.356, 0, 1.571, 0.785]
      time_from_start: 0
    - positions: [1.26058714185476, 0.2433376213079973, -0.2888660907715901, -1.441456449459762, -1.82233826410067, 2.391028431471444, -0.02834767513038193]
      time_from_start: 0
    - positions: [1.246264943340684, 0.4196308763654122, -0.1608299788124154, -1.361805253091749, -2.117559827347151, 2.474697185359332, 0.02856602784140382]
      time_from_start: 0
    - positions: [1.072174051368679, 0.8044537247667326, 0.2287097432931083, -1.235747754149484, -2.751330419736177, 2.622057827452129, 0.2745036656323461]
      time_from_start: 0