joint_trajectory:
  joint_names: [panda_joint1, panda_joint2, panda_joint3, panda_joint4, panda_joint5, panda_joint6, panda_joint7]
  points:
    - positions: [0, -0.785, 0, -2.356, 0, 1.571, 0.785]
      time_from_start: 0
    - positions: [0.7146621865365772, 0.1174532890438527, 0.3272917168463654, -1.695597704009559, -2.390012535838332, 2.269401013995225, -0.201774217740735]
      time_from_start: 0
    - positions: [0.6539092546078611, 0.9995311465884475, 0.8786932028604353, -1.279595611296451, -2.894253596315608, 2.513036570483226, -0.1308497833857031]
      time_from_start: 0