joint_trajectory:
  joint_names: [panda_joint1, panda_joint2, panda_joint3, panda_joint4, panda_joint5, panda_joint6, panda_joint7]
  points:
    - positions: [-2.703087038857959, -1.099602496494185, 2.184475945248788, -0.6995540162051118, 2.212891787956264, 3.015463831800832, 2.536467766911781]
      time_from_start: 0
    - positions: [1.447777615392231, -1.565055729993965, -2.191897305708079, -1.590396375737587, 1.693053109625671, 2.584364549597682, 0.4854935246206987]
      time_from_start: 0
    - positions: [1.91503046463753, -1.63229644441576, -2.104815510296266, -1.239158853153088, 1.880398719674425, 2.660253666716559, 0.4189850139788949]
      time_from_start: 0
    - positions: [2.827296885091635, -1.7628, -1.921693235244635, -0.4744102922337056, 2.266498411114403, 2.778388384234507, 0.3366239415683344]
      time_from_start: 0