joint_trajectory:
  joint_names: [panda_joint1, panda_joint2, panda_joint3, panda_joint4, panda_joint5, panda_joint6, panda_joint7]
  points:
    - positions: [0, -0.785, 0, -2.356, 0, 1.571, 0.785]
      time_from_start: 0
    - positions: [0.462464599177969, 0.2562722498198595, 0.7758569626158476, -1.639907546493815, -2.436587211636344, 2.34729434259175, -0.8812632368032367]
      time_from_start: 0
    - positions: [0.6537538685888216, 0.9986014030690041, 0.8787010162603941, -1.282250972222633, -2.893191740623023, 2.505728137996075, -0.1299606135732106]
      time_from_start: 0