joint_trajectory:
  joint_names: [panda_joint1, panda_joint2, panda_joint3, panda_joint4, panda_joint5, panda_joint6, panda_joint7]
  points:
    - positions: [0, -0.785, 0, -2.356, 0, 1.571, 0.785]
      time_from_start: 0
    - positions: [0.5475163274947599, 0.1995930002570097, 1.116343990593375, -1.091932943898495, -1.916199225845309, 2.731153602378742, 0.4018999866565889]
      time_from_start: 0
    - positions: [0.6541122898413479, 0.9987763708053503, 0.8780139784184543, -1.28041298925156, -2.886690562447551, 2.511794403996547, -0.1350390675500257]
      time_from_start: 0