joint_trajectory:
  joint_names: [panda_joint1, panda_joint2, panda_joint3, panda_joint4, panda_joint5, panda_joint6, panda_joint7]
  points:
    - positions: [0, -0.785, 0, -2.356, 0, 1.571, 0.785]
      time_from_start: 0
    - positions: [0.6931830860915442, -0.4973812420984715, 1.185388097290264, -0.8858030259966978, -0.5937411301674149, 2.35877950332403, 0.4451265942077092]
      time_from_start: 0
    - positions: [0.6532527416704662, 0.9993234853314827, 0.8797384807188553, -1.281649456354872, -2.896915698337555, 2.507577362643199, -0.1268583344777013]
      time_from_start: 0