joint_trajectory:
  joint_names: [panda_joint1, panda_joint2, panda_joint3, panda_joint4, panda_joint5, panda_joint6, panda_joint7]
  points:
    - positions: [0, -0.785, 0, -2.356, 0, 1.571, 0.785]
      time_from_start: 0
    - positions: [0.4186565371708795, -0.01473405102299227, 0.6193721294865275, -1.657522111118851, -1.919776241698049, 2.050645268434925, -0.2110942515670768]
      time_from_start: 0
    - positions: [0.8139967953445115, 0.4964914670129749, 0.4385370885549622, -1.375043734401301, -2.51132937240383, 2.403564948626541, -0.0007488568047416613]
      time_from_start: 0
    - positions: [1.072174051368679, 0.8044537247667327, 0.2287097432931081, -1.235747754149484, -2.751330419736177, 2.622057827452129, 0.2745036656323461]
      time_from_start: 0