joint_trajectory:
  joint_names: [panda_joint1, panda_joint2, panda_joint3, panda_joint4, panda_joint5, panda_joint6, panda_joint7]
  points:
    - positions: [-2.427423301225906, -1.7628, 2.835415019090797, -0.6635761130660502, -2.472189944622064, 2.314802836638491, 0.6291842671086565]
      time_from_start: 0
    - positions: [-1.378193605041446, -1.655830323622246, 2.308488668964938, -0.7099098183215403, -1.732036485687832, 2.068519793304889, 0.2134625411436711]
      time_from_start: 0
    - positions: [-1.622933459331729, -0.706980203130541, 1.595415214934686, -0.9382176043965432, -1.338447899371692, 2.240850776473883, 0.5904392495884752]
      time_from_start: 0
    - positions: [-2.282102077246003, -0.9855131980934214, 2.628931748599661, -1.032106833409704, -2.363534672813853, 2.776609859815528, 0.4802038296218759]
      time_from_start: 0