joint_trajectory:
  joint_names: [panda_joint1, panda_joint2, panda_joint3, panda_joint4, panda_joint5, panda_joint6, panda_joint7]
  points:
    - positions: [0, -0.785, 0, -2.356, 0, 1.571, 0.785]
      time_from_start: 0
    - positions: [0.2554687361409089, -0.319155070966138, 0.9544804679718889, -1.254074508488977, -0.5584081861039946, 1.557361407992279, 0.8583385001135933]
      time_from_start: 0
    - positions: [0.6547945417982637, 0.9983601458441779, 0.8771243607362121, -1.28063741803355, -2.889815831320489, 2.509895834864029, -0.1324372338689235]
      time_from_start: 0