joint_trajectory:
  joint_names: [panda_joint1, panda_joint2, panda_joint3, panda_joint4, panda_joint5, panda_joint6, panda_joint7]
  points:
    - positions: [0, -0.785, 0, -2.356, 0, 1.571, 0.785]
      time_from_start: 0
    - positions: [0.2474342748733961, -0.319062878580692, 1.092861459619513, -1.377755493790076, -0.4242241659601877, 2.131192451994703, -0.1900312232639579]
      time_from_start: 0
    - positions: [1.072174051368679, 0.8044537247667327, 0.2287097432931084, -1.235747754149484, -2.751330419736177, 2.62205782745213, 0.2745036656323458]
      time_from_start: 0