joint_trajectory:
  joint_names: [panda_joint1, panda_joint2, panda_joint3, panda_joint4, panda_joint5, panda_joint6, panda_joint7]
  points:
    - positions: [0, -0.785, 0, -2.356, 0, 1.571, 0.785]
      time_from_start: 0
    - positions: [1.255480956916031, -0.7451448064664122, -0.5742102193066119, -1.718338621010574, -1.829531102864144, 2.558117661227217, -0.1648422432342411]
      time_from_start: 0
    - positions: [1.072174051368679, 0.8044537247667327, 0.2287097432931082, -1.235747754149484, -2.751330419736177, 2.622057827452129, 0.2745036656323461]
      time_from_start: 0