joint_trajectory:
  joint_names: [panda_joint1, panda_joint2, panda_joint3, panda_joint4, panda_joint5, panda_joint6, panda_joint7]
  points:
    - positions: [0, -0.785, 0, -2.356, 0, 1.571, 0.785]
      time_from_start: 0
    - positions: [-0.1209714005940451, -0.9424937552934851, 0.7983421920008296, -2.05372730786161, -1.402047773002713, 1.943894280215141, 1.105682236445799]
      time_from_start: 0
    - positions: [0.6513226833703348, 1.001262131970569, 0.8829737820723841, -1.281194474533739, -2.895605520875285, 2.509317456968256, -0.131769360679749]
      time_from_start: 0