joint_trajectory:
  joint_names: [panda_joint1, panda_joint2, panda_joint3, panda_joint4, panda_joint5, panda_joint6, panda_joint7]
  points:
    - positions: [0, -0.785, 0, -2.356, 0, 1.571, 0.785]
      time_from_start: 0
    - positions: [1.488541597832534, -0.2841810764491838, -0.5654475136966812, -1.313460372234053, -0.08341184098906834, 2.914516461692375, -1.107831989983772]
      time_from_start: 0
    - positions: [0.653549594765285, 0.9995881651943048, 0.879156370622668, -1.280025205196141, -2.889629041065276, 2.512262745427859, -0.1314519678157861]
      time_from_start: 0