joint_trajectory:
  joint_names: [panda_joint1, panda_joint2, panda_joint3, panda_joint4, panda_joint5, panda_joint6, panda_joint7]
  points:
    - positions: [-2.729818805528153, -1.762359822409874, 0.8128126810916824, -0.8952724464957482, 2.839643735107004, 2.653553352246123, -2.895727667730375]
      time_from_start: 0
    - positions: [1.446234784550672, -1.5894470009452, -1.964760848153198, -1.508698055168099, 0.3508532940092145, 1.803048660334198, 0.4767793662292005]
      time_from_start: 0
    - positions: [2.8378526540443, -1.76279174352021, -1.923604917956562, -0.4594887030821046, 2.255132476727748, 2.775140181629239, 0.3521868479697228]
      time_from_start: 0