joint_trajectory:
  joint_names: [panda_joint1, panda_joint2, panda_joint3, panda_joint4, panda_joint5, panda_joint6, panda_joint7]
  points:
    - positions: [0, -0.785, 0, -2.356, 0, 1.571, 0.785]
      time_from_start: 0
    - positions: [0.4115080672523565, -0.7551759498768712, 0.3885570986705087, -1.346075319955975, -0.7757485024574352, 1.536797690653339, -0.3276121911818616]
      time_from_start: 0
    - positions: [0.6545151179330578, 0.9978620096879778, 0.8772385942438899, -1.281866070829178, -2.888851019034773, 2.507286430879534, -0.1321325881144381]
      time_from_start: 0