joint_trajectory:
  joint_names: [panda_joint1, panda_joint2, panda_joint3, panda_joint4, panda_joint5, panda_joint6, panda_joint7]
  points:
    - positions: [0, -0.785, 0, -2.356, 0, 1.571, 0.785]
      time_from_start: 0
    - positions: [0.1333052447339706, 0.0008083225594944371, 0.8886894909727151, -1.673699093708127, -1.560859296786706, 2.610007066960351, 1.05610553586722]
      time_from_start: 0
    - positions: [0.6530861253193827, 0.999305653738696, 0.8798043448819325, -1.281828932388174, -2.89299104695178, 2.507935308767147, -0.1280747183465161]
      time_from_start: 0