joint_trajectory:
  joint_names: [panda_joint1, panda_joint2, panda_joint3, panda_joint4, panda_joint5, panda_joint6, panda_joint7]
  points:
    - positions: [-2.556216911694569, -1.41884921155229, 1.456933247914323, -0.8653703938072285, 2.581713638858257, 2.7970017319483, 2.8973]
      time_from_start: 0
    - positions: [1.09858389583421, -1.642059261100553, -1.83575675380039, -2.226074913651473, 2.804914765059389, 3.284172796607018, 1.555823192376411]
      time_from_start: 0
    - positions: [2.842652492207522, -1.7628, -1.887497803391951, -0.4493325428392685, 2.228666987824711, 2.780038016398132, 0.3456313922223796]
      time_from_start: 0