joint_trajectory:
  joint_names: [panda_joint1, panda_joint2, panda_joint3, panda_joint4, panda_joint5, panda_joint6, panda_joint7]
  points:
    - positions: [0, -0.785, 0, -2.356, 0, 1.571, 0.785]
      time_from_start: 0
    - positions: [-0.3897891303605438, 0.2821300282680995, 1.502275542799871, -1.977312495214106, -0.9541250083258968, 2.101495555266435, 0.7272767998641313]
      time_from_start: 0
    - positions: [-0.1311633503246468, 0.5380599076927066, 1.422091241218535, -1.767002605481007, -1.533767160514091, 2.243475916686638, 0.4930504617540992]
      time_from_start: 0
    - positions: [0.6536463612320007, 0.9997624136542997, 0.8793261202506812, -1.279602472265621, -2.896526539165618, 2.512944055812491, -0.1286850188210619]
      time_from_start: 0