joint_trajectory:
  joint_names: [panda_joint1, panda_joint2, panda_joint3, panda_joint4, panda_joint5, panda_joint6, panda_joint7]
  points:
    - positions: [0, -0.785, 0, -2.356, 0, 1.571, 0.785]
      time_from_start: 0
    - positions: [-0.06471554797861484, -0.2762232751472098, 1.018703917942576, -2.149380220907121, -1.017161926991902, 2.231987899216343, 0.1709221480780599]
      time_from_start: 0
    - positions: [0.6534724053783615, 0.9997505651370956, 0.8794333414185882, -1.279930564805038, -2.896027039093833, 2.512321787638509, -0.1284491546823254]
      time_from_start: 0