joint_trajectory:
  joint_names: [panda_joint1, panda_joint2, panda_joint3, panda_joint4, panda_joint5, panda_joint6, panda_joint7]
  points:
    - positions: [0, -0.785, 0, -2.356, 0, 1.571, 0.785]
      time_from_start: 0
    - positions: [0.7076875763319745, 0.07105976523192015, 0.4988468975144648, -1.02597013595672, -1.078072024169118, 2.100844135674365, 0.7917207481543407]
      time_from_start: 0
    - positions: [0.6542557547926624, 0.9988334000701697, 0.8780188105963528, -1.280454513204511, -2.888529942811963, 2.510252167103558, -0.1339644104729043]
      time_from_start: 0