joint_trajectory:
  joint_names: [panda_joint1, panda_joint2, panda_joint3, panda_joint4, panda_joint5, panda_joint6, panda_joint7]
  points:
    - positions: [0, -0.785, 0, -2.356, 0, 1.571, 0.785]
      time_from_start: 0
    - positions: [1.258699193087251, 0.007515782603364579, -0.02957558888364525, -1.000182586130302, -1.430927044675327, 1.852861597910723, 0.8163142817146081]
      time_from_start: 0
    - positions: [1.07217405136868, 0.8044537247667329, 0.2287097432931082, -1.235747754149484, -2.751330419736177, 2.62205782745213, 0.274503665632346]
      time_from_start: 0