joint_trajectory:
  joint_names: [panda_joint1, panda_joint2, panda_joint3, panda_joint4, panda_joint5, panda_joint6, panda_joint7]
  points:
    - positions: [0, -0.785, 0, -2.356, 0, 1.571, 0.785]
      time_from_start: 0
    - positions: [0.09814436744076324, 0.3053645207588163, 1.062931958238808, -1.954665798434021, -0.232628986614024, 2.541809730629775, 0.5272633939623441]
      time_from_start: 0
    - positions: [0.6543577741376264, 0.9983167757885248, 0.8776211544184989, -1.281460071470361, -2.894279802240746, 2.50812273588507, -0.1292580016917937]
      time_from_start: 0