joint_trajectory:
  joint_names: [panda_joint1, panda_joint2, panda_joint3, panda_joint4, panda_joint5, panda_joint6, panda_joint7]
  points:
    - positions: [-0.1398220458022287, 1.063770851861237, 0.07536156578116912, -0.5412330746705887, -1.343271548374047, 3.257349268119182, -1.070015271288348]
      time_from_start: 0
    - positions: [0.6170291258669367, 0.3123862233884717, -1.391109203717781, -2.003760042359656, 1.082691474100072, 1.804796632867938, 0.5238702139328916]
      time_from_start: 0
    - positions: [-0.1414245802541098, 1.077332556343378, -1.213534858241077, -1.98880996067488, 1.278175035753774, 1.451640917662006, 0.2772147850142091]
      time_from_start: 0
    - positions: [-0.3864997777965162, 1.7628, 1.261551982747676, -0.593798045357718, 2.292893140244627, 2.756102288152148, 0.2396261229300616]
      time_from_start: 0