joint_trajectory:
  joint_names: [panda_joint1, panda_joint2, panda_joint3, panda_joint4, panda_joint5, panda_joint6, panda_joint7]
  points:
    - positions: [0, -0.785, 0, -2.356, 0, 1.571, 0.785]
      time_from_start: 0
    - positions: [0.4774496223586666, 0.3998982354558999, 0.8170608373566874, -1.285238394094118, -2.464309320733943, 1.996996573071698, 0.03042864001459209]
      time_from_start: 0
    - positions: [0.6529391273354919, 0.9995388575368366, 0.8800898666684229, -1.281459009058344, -2.891823319340324, 2.509065336833995, -0.1282882958216202]
      time_from_start: 0