joint_trajectory:
  joint_names: [panda_joint1, panda_joint2, panda_joint3, panda_joint4, panda_joint5, panda_joint6, panda_joint7]
  points:
    - positions: [0, -0.785, 0, -2.356, 0, 1.571, 0.785]
      time_from_start: 0
    - positions: [0.7879929338523458, -0.248689061202504, -0.06661823037143172, -1.307250606236411, -1.241488602688017, 2.023464461565285, -0.1254522956471348]
      time_from_start: 0
    - positions: [1.039485414241289, 0.6144248797498174, 0.1691497115849875, -1.219395835983846, -2.492551938018163, 2.5183139525425, 0.1701402929396842]
      time_from_start: 0
    - positions: [1.072174051368679, 0.8044537247667326, 0.2287097432931083, -1.235747754149484, -2.751330419736177, 2.622057827452129, 0.2745036656323461]
      time_from_start: 0