joint_trajectory:
  joint_names: [panda_joint1, panda_joint2, panda_joint3, panda_joint4, panda_joint5, panda_joint6, panda_joint7]
  points:
    - positions: [2.691928217500544, -1.208929465907558, -1.985798963603872, -0.6483377440315081, -2.209121277278903, 2.993987662964209, -1.173273515160942]
      time_from_start: 0
    - positions: [-0.1735109992992442, 1.205513609247163, -1.356611430953026, -1.307411016661884, -1.53766533955835, 1.871252645529965, -0.8456650817784418]
      time_from_start: 0
    - positions: [-1.132818343005655, 1.616489329390973, 0.4807496707137209, -1.080064184365515, 1.564660260766977, 3.576385076055303, 2.066034603909683]
      time_from_start: 0
    - positions: [-0.3763935417616625, 1.7628, 1.267926200801182, -0.5795343876928006, 2.319527291736638, 2.752776184122539, 0.219835650574521]
      time_from_start: 0