joint_trajectory:
  joint_names: [panda_joint1, panda_joint2, panda_joint3, panda_joint4, panda_joint5, panda_joint6, panda_joint7]
  points:
    - positions: [0, -0.785, 0, -2.356, 0, 1.571, 0.785]
      time_from_start: 0
    - positions: [0.1888920819582127, -0.453961344666328, 0.5120343168204564, -1.334652292566303, 0.1643786996480246, 2.741724350021794, 0.4023799775411958]
      time_from_start: 0
    - positions: [0.9785184670451815, 0.6732570551284569, 0.2794167521729296, -1.210138124996045, -2.413738526122048, 2.67792066755616, 0.2752409225368711]
      time_from_start: 0
    - positions: [1.072174051368679, 0.8044537247667327, 0.2287097432931082, -1.235747754149484, -2.751330419736177, 2.622057827452129, 0.2745036656323461]
      time_from_start: 0