joint_trajectory:
  joint_names: [panda_joint1, panda_joint2, panda_joint3, panda_joint4, panda_joint5, panda_joint6, panda_joint7]
  points:
    - positions: [0, -0.785, 0, -2.356, 0, 1.571, 0.785]
      time_from_start: 0
    - positions: [1.081374928932014, 0.3626053716344494, 0.1067035083698006, -1.300977563440625, -1.765794996073248, 2.695828589974367, 0.4559845840975125]
      time_from_start: 0
    - positions: [1.072174051368679, 0.8044537247667328, 0.2287097432931084, -1.235747754149484, -2.751330419736178, 2.62205782745213, 0.2745036656323462]
      time_from_start: 0