joint_trajectory:
  joint_names: [panda_joint1, panda_joint2, panda_joint3, panda_joint4, panda_joint5, panda_joint6, panda_joint7]
  points:
    - positions: [2.761448931342096, -1.049635063453728, -2.381579905651117, -0.6649680943161069, -2.163959265100019, 3.07518912905475, -0.8402405504099975]
      time_from_start: 0
    - positions: [-1.826868469930068, 1.086633627407625, -0.2782247336891479, -2.504165226499527, 1.455119209506037, 1.978250772769097, 2.833511986799771]
      time_from_start: 0
    - positions: [-0.2767034350861302, 1.76275505564034, 1.200974790938936, -0.4384322118125092, 2.249271533936063, 2.780335631198395, 0.3807951098048906]
      time_from_start: 0