joint_trajectory:
  joint_names: [panda_joint1, panda_joint2, panda_joint3, panda_joint4, panda_joint5, panda_joint6, panda_joint7]
  points:
    - positions: [0, -0.785, 0, -2.356, 0, 1.571, 0.785]
      time_from_start: 0
    - positions: [1.073252342181594, 0.4670193865793249, 0.6055202651182723, -0.8298511930492042, -2.536134948153507, 2.012862603692196, -0.472059524000263]
      time_from_start: 0
    - positions: [0.6531373531439358, 0.9994680185742344, 0.8798564459908323, -1.281801414087355, -2.8973, 2.507015617123732, -0.1271737350061881]
      time_from_start: 0