joint_trajectory:
  joint_names: [panda_joint1, panda_joint2, panda_joint3, panda_joint4, panda_joint5, panda_joint6, panda_joint7]
  points:
    - positions: [0, -0.785, 0, -2.356, 0, 1.571, 0.785]
      time_from_start: 0
    - positions: [-0.02419039143187815, 0.09768451548792276, 1.315286510237198, -1.388650537629971, -2.062954428393593, 1.896262041295349, -0.2789979458859585]
      time_from_start: 0
    - positions: [0.6542140032390825, 0.9984920179224263, 0.8779235469109177, -1.281156120317464, -2.88938632906345, 2.509030812609845, -0.1337383613760736]
      time_from_start: 0