joint_trajectory:
  joint_names: [panda_joint1, panda_joint2, panda_joint3, panda_joint4, panda_joint5, panda_joint6, panda_joint7]
  points:
    - positions: [0.02503260725744893, 0.9034224226500858, -0.1031039726648812, -0.9852539654395819, -0.1175860408120369, 3.452403635144116, -2.162396431531999]
      time_from_start: 0
    - positions: [1.521288162973156, -1.686637628976115, -2.122006841696563, -1.435336051139349, 0.7640036314640613, 2.676510941374016, -1.082731365748503]
      time_from_start: 0
    - positions: [2.82546276112821, -1.7628, -1.866233697597241, -0.4542700369808877, 2.156219915353785, 2.803204168952689, 0.412999524390603]
      time_from_start: 0