joint_trajectory:
  joint_names: [panda_joint1, panda_joint2, panda_joint3, panda_joint4, panda_joint5, panda_joint6, panda_joint7]
  points:
    - positions: [-2.688781343455389, -1.7628, 0.8532566370214885, -0.9436234015416094, 2.82324891523319, 2.641835662953782, -2.8973]
      time_from_start: 0
    - positions: [-0.7757408227036097, 1.197407942018325, -0.1230313797463726, -1.494614540324824, 2.340757525980195, 2.420041518922616, 0.1758208137491629]
      time_from_start: 0
    - positions: [-0.4502229495985968, 1.623976823977178, 0.8985682679838308, -0.7794201331650077, 2.328002259796258, 2.674059906947086, 0.2456524055496176]
      time_from_start: 0
    - positions: [-0.348954546503443, 1.758967404768795, 1.23379351727452, -0.5416063929048325, 2.325235883148372, 2.760261407177549, 0.2646653072335877]
      time_from_start: 0