joint_trajectory:
  joint_names: [panda_joint1, panda_joint2, panda_joint3, panda_joint4, panda_joint5, panda_joint6, panda_joint7]
  points:
    - positions: [0, -0.785, 0, -2.356, 0, 1.571, 0.785]
      time_from_start: 0
    - positions: [1.809460686053141, -0.2959027954559028, -0.5478926126487742, -1.157243659145527, -2.073173891725192, 1.963655838728682, 0.6648850668581111]
      time_from_start: 0
    - positions: [1.072174051368679, 0.8044537247667327, 0.2287097432931081, -1.235747754149484, -2.751330419736177, 2.622057827452129, 0.2745036656323461]
      time_from_start: 0