joint_trajectory:
  joint_names: [panda_joint1, panda_joint2, panda_joint3, panda_joint4, panda_joint5, panda_joint6, panda_joint7]
  points:
    - positions: [0, -0.785, 0, -2.356, 0, 1.571, 0.785]
      time_from_start: 0
    - positions: [0.4222183718725665, 0.4793268721719771, 0.9449396344947318, -1.116117032437289, -2.357935412245714, 2.656811452535281, -0.3467691132663922]
      time_from_start: 0
    - positions: [0.6530555245112678, 0.9998918276763583, 0.8800078185316783, -1.280524958369277, -2.893259854718325, 2.511076294624718, -0.1279452118784584]
      time_from_start: 0