joint_trajectory:
  joint_names: [panda_joint1, panda_joint2, panda_joint3, panda_joint4, panda_joint5, panda_joint6, panda_joint7]
  points:
    - positions: [0, -0.785, 0, -2.356, 0, 1.571, 0.785]
      time_from_start: 0
    - positions: [0.7058755479565008, -0.3482185713864399, 0.08659522508547089, -1.347448517133815, -1.436383551051277, 2.582633208587457, 0.9284169473323129]
      time_from_start: 0
    - positions: [0.6543172175803309, 0.9990362210073817, 0.8780175981078517, -1.279726608833271, -2.889597780562045, 2.512559099709685, -0.1342446804177049]
      time_from_start: 0