joint_trajectory:
  joint_names: [panda_joint1, panda_joint2, panda_joint3, panda_joint4, panda_joint5, panda_joint6, panda_joint7]
  points:
    - positions: [0, -0.785, 0, -2.356, 0, 1.571, 0.785]
      time_from_start: 0
    - positions: [-0.06610111459182644, -0.04648140533420304, 0.9499168360513188, -1.995015534100112, -0.1612381484418106, 1.982783374064008, -0.6034542260882072]
      time_from_start: 0
    - positions: [0.05342316387700329, 0.1672245225330472, 0.9834122428314149, -1.856163412911771, -0.635611586063535, 2.091797130267077, -0.5884722345433251]
      time_from_start: 0
    - positions: [0.6530840452192616, 0.9991807786534447, 0.8799102919570883, -1.282285360908098, -2.896800578108214, 2.506357277077776, -0.1263077944183143]
      time_from_start: 0