joint_trajectory:
  joint_names: [panda_joint1, panda_joint2, panda_joint3, panda_joint4, panda_joint5, panda_joint6, panda_joint7]
  points:
    - positions: [-1.360924158004426, 1.527946293852355, 0.803403031707782, -1.28767319323786, 2.897299964169865, 2.118682643340447, 0.09051077248611984]
      time_from_start: 0
    - positions: [0.5286663797410556, 1.18605928751489, -0.657415953219551, -0.9670919667822263, 1.666070216543061, 2.576496596926406, -1.153897694820024]
      time_from_start: 0
    - positions: [-0.2970673886951144, 0.4271624258095926, -0.2040550466616225, -0.6964269666339593, -1.767047061795054, 2.698660233306656, 0.8830785666371225]
      time_from_start: 0
    - positions: [-0.5768920676416465, 1.33195136230955, -1.516570453931082, -0.3212520226479546, -2.184681916336557, 3.3776038191122, 1.260449239221964]
      time_from_start: 0