joint_trajectory:
  joint_names: [panda_joint1, panda_joint2, panda_joint3, panda_joint4, panda_joint5, panda_joint6, panda_joint7]
  points:
    - positions: [0, -0.785, 0, -2.356, 0, 1.571, 0.785]
      time_from_start: 0
    - positions: [0.2200877507463789, -0.2025594838035047, 0.8562160678639921, -1.062199467672008, -1.834428420652997, 1.852246641914333, 0.9425209882323092]
      time_from_start: 0
    - positions: [0.5964875253007798, 0.8435135584844404, 0.8892114610528696, -1.237358743473912, -2.757528048553085, 2.428909563711872, 0.01678636850321302]
      time_from_start: 0
    - positions: [0.6535687835100787, 0.9997845343054925, 0.8793392363971272, -1.279771909964581, -2.896510854426439, 2.512291564669584, -0.1284446725946367]
      time_from_start: 0