joint_trajectory:
  joint_names: [panda_joint1, panda_joint2, panda_joint3, panda_joint4, panda_joint5, panda_joint6, panda_joint7]
  points:
    - positions: [0, -0.785, 0, -2.356, 0, 1.571, 0.785]
      time_from_start: 0
    - positions: [0.621815944789937, -0.08816421164007091, -0.04008555130639509, -0.7230520473047777, 0.7169317266765131, 3.011979345787936, 1.104823321041164]
      time_from_start: 0
    - positions: [1.072174051368679, 0.8044537247667327, 0.2287097432931084, -1.235747754149484, -2.751330419736177, 2.62205782745213, 0.2745036656323458]
      time_from_start: 0