joint_trajectory:
  joint_names: [panda_joint1, panda_joint2, panda_joint3, panda_joint4, panda_joint5, panda_joint6, panda_joint7]
  points:
    - positions: [0, -0.785, 0, -2.356, 0, 1.571, 0.785]
      time_from_start: 0
    - positions: [0.1289879769402181, -0.7649177089322479, 0.8284604116452718, -1.934037611952223, -0.7563368223681898, 1.407297854605777, 0.5160150975382125]
      time_from_start: 0
    - positions: [0.6536681031166552, 0.9986628667811307, 0.8787742205975967, -1.282122639957626, -2.893746367289645, 2.506368413679734, -0.1296212250192141]
      time_from_start: 0