joint_trajectory:
  joint_names: [panda_joint1, panda_joint2, panda_joint3, panda_joint4, panda_joint5, panda_joint6, panda_joint7]
  points:
    - positions: [0, -0.785, 0, -2.356, 0, 1.571, 0.785]
      time_from_start: 0
    - positions: [0.7224810567665099, -0.2321992836554342, 0.04677207871846739, -2.102919161817021, -0.596815638860634, 1.964017768188924, 0.5926711577183692]
      time_from_start: 0
    - positions: [0.959820557807878, 0.08879114034000986, 0.1529637339447897, -1.927870297643405, -1.04763157960125, 2.156652712300434, 0.4489818125209282]
      time_from_start: 0
    - positions: [0.6533984252356845, 0.9999106743196168, 0.8795751053284973, -1.279854941261765, -2.888207637059383, 2.512046312183802, -0.1310930910765373]
      time_from_start: 0