joint_trajectory:
  joint_names: [panda_joint1, panda_joint2, panda_joint3, panda_joint4, panda_joint5, panda_joint6, panda_joint7]
  points:
    - positions: [0, -0.785, 0, -2.356, 0, 1.571, 0.785]
      time_from_start: 0
    - positions: [1.121079104947505, -0.3872694833419321, -0.2857788981237681, -1.66740074407185, -0.7364153834302321, 1.499232292250094, 0.1658119523405431]
      time_from_start: 0
    - positions: [1.138578218491413, 0.6686401391607655, 0.1456091420814888, -1.255817576146399, -2.525122734428273, 2.470216061312515, 0.2270610741621337]
      time_from_start: 0
    - positions: [1.072174051368679, 0.8044537247667327, 0.2287097432931082, -1.235747754149484, -2.751330419736177, 2.622057827452129, 0.2745036656323461]
      time_from_start: 0