joint_trajectory:
  joint_names: [panda_joint1, panda_joint2, panda_joint3, panda_joint4, panda_joint5, panda_joint6, panda_joint7]
  points:
    - positions: [0, -0.785, 0, -2.356, 0, 1.571, 0.785]
      time_from_start: 0
    - positions: [0.717814593090875, -0.04392475384495345, 0.3227924507900779, -1.411395813197149, -0.9249641176662167, 2.093954161262017, -0.2908259077135253]
      time_from_start: 0
    - positions: [0.6533565091557353, 0.9995513995328895, 0.8796111199501212, -1.280667506011281, -2.893539747946738, 2.5104364762226, -0.128749669206013]
      time_from_start: 0