joint_trajectory:
  joint_names: [panda_joint1, panda_joint2, panda_joint3, panda_joint4, panda_joint5, panda_joint6, panda_joint7]
  points:
    - positions: [0, -0.785, 0, -2.356, 0, 1.571, 0.785]
      time_from_start: 0
    - positions: [0.8781152843320595, 0.07798729546061134, 0.04027951037151846, -1.632555277865348, -0.6859295248301699, 2.321203416510294, 0.4062242134645733]
      time_from_start: 0
    - positions: [0.9413692761610671, 0.3319162046643639, 0.1857250073535312, -1.490190908286221, -1.134603262241192, 2.439492157962129, 0.2721434164955483]
      time_from_start: 0
    - positions: [0.6537506405802964, 0.9993457926171336, 0.8787625973651817, -1.279997866450735, -2.888075044704513, 2.51208862599219, -0.1329108374218077]
      time_from_start: 0