joint_trajectory:
  joint_names: [panda_joint1, panda_joint2, panda_joint3, panda_joint4, panda_joint5, panda_joint6, panda_joint7]
  points:
    - positions: [0, -0.785, 0, -2.356, 0, 1.571, 0.785]
      time_from_start: 0
    - positions: [0.8946614289775219, 0.5758711318729052, 0.5477046784471975, -0.8272735094794366, -2.865529499101507, 1.983014595342737, -0.6926370179683532]
      time_from_start: 0
    - positions: [0.6531954879457047, 1.000245143082383, 0.8800758591192214, -1.279816774246133, -2.893657301358269, 2.512192237943592, -0.1279082619579016]
      time_from_start: 0