joint_trajectory:
  joint_names: [panda_joint1, panda_joint2, panda_joint3, panda_joint4, panda_joint5, panda_joint6, panda_joint7]
  points:
    - positions: [0, -0.785, 0, -2.356, 0, 1.571, 0.785]
      time_from_start: 0
    - positions: [0.4356401901218091, 0.4693129918534459, 1.137662462716535, -1.46649480233065, -2.330329520072735, 2.504463033651501, -0.1370217378255647]
      time_from_start: 0
    - positions: [0.6536267221251031, 0.9995428363016984, 0.8790180427959964, -1.279646762830045, -2.891778235838408, 2.513360810324359, -0.1311894635082819]
      time_from_start: 0