joint_trajectory:
  joint_names: [panda_joint1, panda_joint2, panda_joint3, panda_joint4, panda_joint5, panda_joint6, panda_joint7]
  points:
    - positions: [0, -0.785, 0, -2.356, 0, 1.571, 0.785]
      time_from_start: 0
    - positions: [0.4096120775034541, 0.3063631583967227, 0.9597553895841339, -1.53478426672215, -1.797972945147094, 2.000134104371987, 0.9250616919084377]
      time_from_start: 0
    - positions: [0.6533009474379031, 0.9986966096872686, 0.8792082903422443, -1.28260093584669, -2.8973, 2.505707515279862, -0.124375540028105]
      time_from_start: 0