joint_trajectory:
  joint_names: [panda_joint1, panda_joint2, panda_joint3, panda_joint4, panda_joint5, panda_joint6, panda_joint7]
  points:
    - positions: [0, -0.785, 0, -2.356, 0, 1.571, 0.785]
      time_from_start: 0
    - positions: [0.1618383703219276, 0.1635954377790334, 0.8877817068102868, -1.484249864177005, -1.172699374985765, 2.583863621730305, 0.2715573413429838]
      time_from_start: 0
    - positions: [0.4696854942816587, 0.7010798618858161, 0.9012866015454921, -1.340337874030274, -2.263681778903195, 2.558283956775358, 0.01308482983928819]
      time_from_start: 0
    - positions: [0.6533950789027249, 0.9992332987212825, 0.8794707804593646, -1.28146305843106, -2.894406983614934, 2.508204090832013, -0.1283523458443284]
      time_from_start: 0