joint_trajectory:
  joint_names: [panda_joint1, panda_joint2, panda_joint3, panda_joint4, panda_joint5, panda_joint6, panda_joint7]
  points:
    - positions: [0, -0.785, 0, -2.356, 0, 1.571, 0.785]
      time_from_start: 0
    - positions: [0.1885537568715167, -0.751574697366299, 0.5987270167299062, -1.46853170650304, -0.7439075675476043, 2.007652629261369, 0.1761411441933752]
      time_from_start: 0
    - positions: [1.072174051368679, 0.8044537247667327, 0.2287097432931083, -1.235747754149484, -2.751330419736177, 2.62205782745213, 0.2745036656323459]
      time_from_start: 0