joint_trajectory:
  joint_names: [panda_joint1, panda_joint2, panda_joint3, panda_joint4, panda_joint5, panda_joint6, panda_joint7]
  points:
    - positions: [0, -0.785, 0, -2.356, 0, 1.571, 0.785]
      time_from_start: 0
    - positions: [0.3722700459268899, 0.24222984556087, 0.711809755122188, -1.106280265918106, -1.130750259458923, 2.967939260426006, 0.8817579060465601]
      time_from_start: 0
    - positions: [0.6532825402427148, 0.9987450657417895, 0.8792444553988854, -1.282880337623356, -2.889147726256371, 2.504973818053443, -0.1300456022068654]
      time_from_start: 0