joint_trajectory:
  joint_names: [panda_joint1, panda_joint2, panda_joint3, panda_joint4, panda_joint5, panda_joint6, panda_joint7]
  points:
    - positions: [-1.360924158004426, 1.527946293852355, 0.803403031707782, -1.28767319323786, 2.897299964169865, 2.118682643340447, 0.09051077248611984]
      time_from_start: 0
    - positions: [0.361928649162655, 1.012163537880068, 0.2129647904660657, -1.255171583946828, 1.971468214402364, 1.2909432124963, 1.082148156566825]
      time_from_start: 0
    - positions: [-0.3002820816280327, -0.1554114841891368, -1.483615328522516, -0.3746127414481887, -0.4482415228871224, 2.076235500297478, 1.544352268721064]
      time_from_start: 0
    - positions: [-0.5768920676416462, 1.33195136230955, -1.516570453931082, -0.3212520226479547, -2.184681916336558, 3.377603819112199, 1.260449239221964]
      time_from_start: 0