joint_trajectory:
  joint_names: [panda_joint1, panda_joint2, panda_joint3, panda_joint4, panda_joint5, panda_joint6, panda_joint7]
  points:
    - positions: [0, -0.785, 0, -2.356, 0, 1.571, 0.785]
      time_from_start: 0
    - positions: [0.6807267032692729, 0.2657777770400148, 0.5048153277876491, -1.242217816913628, -2.00318307097699, 2.164011864077493, 0.464429194138638]
      time_from_start: 0
    - positions: [0.6528694539288123, 0.9999795583090009, 0.8802653524371647, -1.280579924548163, -2.892645784030717, 2.511029228587812, -0.1288147816899184]
      time_from_start: 0