joint_trajectory:
  joint_names: [panda_joint1, panda_joint2, panda_joint3, panda_joint4, panda_joint5, panda_joint6, panda_joint7]
  points:
    - positions: [2.8973, -0.8421507705133664, -2.634108215588395, -1.157987621575504, 0.1896834594401898, 3.567043649797863, -2.8973]
      time_from_start: 0
    - positions: [1.157596625712299, -1.01048224320883, -1.705638621232364, -1.244221590818088, 0.1202386694959777, 2.101096380126564, -0.698502987869293]
      time_from_start: 0
    - positions: [1.426079660729143, -1.551564324738135, -2.1066340561699, -1.472089130453532, 0.4501163620852248, 1.784113271693516, 1.059994710257032]
      time_from_start: 0
    - positions: [2.862255441137878, -1.762799988635154, -1.907119886208678, -0.4267082953922546, 2.216947242165928, 2.778766190823207, 0.3879440086543092]
      time_from_start: 0