joint_trajectory:
  joint_names: [panda_joint1, panda_joint2, panda_joint3, panda_joint4, panda_joint5, panda_joint6, panda_joint7]
  points:
    - positions: [-2.582514688094271, -1.36910197680636, 1.54215719663827, -0.8195789750762273, 2.497885274456073, 2.827821207530273, 2.8973]
      time_from_start: 0
    - positions: [-1.674610251704474, 0.9873767920153949, 0.4036862301663688, -1.379134528636396, 0.4793333473919186, 2.914344970671642, 0.1767123738233477]
      time_from_start: 0
    - positions: [-1.090734158047049, 1.491764152271873, 0.4096789935396823, -1.124597491767675, 1.272668040332793, 2.787420829361008, 0.07830085029586834]
      time_from_start: 0
    - positions: [-0.3123577553405011, 1.7628, 1.234166044788748, -0.4827494209977509, 2.294071503411107, 2.773641742187444, 0.3034813625586023]
      time_from_start: 0