joint_trajectory:
  joint_names: [panda_joint1, panda_joint2, panda_joint3, panda_joint4, panda_joint5, panda_joint6, panda_joint7]
  points:
    - positions: [0, -0.785, 0, -2.356, 0, 1.571, 0.785]
      time_from_start: 0
    - positions: [0.232932833924288, 0.160052164520536, 0.8768015519389167, -1.428681641659054, 0.5428621929307411, 2.120591934827956, -0.3298971300139888]
      time_from_start: 0
    - positions: [0.6538456048820893, 0.9997806463159936, 0.8790299414033409, -1.279686504760831, -2.888316841127537, 2.512310767097254, -0.1322861429493712]
      time_from_start: 0