joint_trajectory:
  joint_names: [panda_joint1, panda_joint2, panda_joint3, panda_joint4, panda_joint5, panda_joint6, panda_joint7]
  points:
    - positions: [0, -0.785, 0, -2.356, 0, 1.571, 0.785]
      time_from_start: 0
    - positions: [0.4302129879159048, -0.1939094083747085, 0.8125065871771988, -1.197088309900148, -0.7886290292355351, 1.495379550960314, -0.4450353551272212]
      time_from_start: 0
    - positions: [0.6533475669491075, 0.9991906400743032, 0.8793592624040052, -1.281438571084613, -2.8962870678695, 2.508641346465083, -0.127852855367683]
      time_from_start: 0