joint_trajectory:
  joint_names: [panda_joint1, panda_joint2, panda_joint3, panda_joint4, panda_joint5, panda_joint6, panda_joint7]
  points:
    - positions: [0, -0.785, 0, -2.356, 0, 1.571, 0.785]
      time_from_start: 0
    - positions: [0.1186559310881142, -0.872499964034036, 0.4521902790058854, -1.969538813172599, -0.08988506273835953, 2.105915922099458, 0.5096080761500636]
      time_from_start: 0
    - positions: [0.6225833910508896, 0.8195822543954363, 0.9068351250598274, -1.286776333649133, -2.652303058206226, 2.550775710491849, -0.1123643588439508]
      time_from_start: 0
    - positions: [0.6532272020034192, 0.9996079959744378, 0.8796982559133676, -1.281082329391609, -2.889626302254721, 2.509547063844565, -0.1297197128834629]
      time_from_start: 0