joint_trajectory:
  joint_names: [panda_joint1, panda_joint2, panda_joint3, panda_joint4, panda_joint5, panda_joint6, panda_joint7]
  points:
    - positions: [0, -0.785, 0, -2.356, 0, 1.571, 0.785]
      time_from_start: 0
    - positions: [0.9496101564406888, -0.03750505463313381, 0.04496202901027387, -1.154719172626348, -1.695377140031538, 2.6861871067978, 0.6718352647008516]
      time_from_start: 0
    - positions: [0.6531599114658603, 0.9995389816193716, 0.8797718841408297, -1.281033765773388, -2.893249550360478, 2.509831200753652, -0.1283457750135414]
      time_from_start: 0