joint_trajectory:
  joint_names: [panda_joint1, panda_joint2, panda_joint3, panda_joint4, panda_joint5, panda_joint6, panda_joint7]
  points:
    - positions: [0.157008240289685, 1.025154246576592, -0.08597306025786362, -0.5523023800436067, 1.589805277534482, 3.264407834676443, 2.421351602103401]
      time_from_start: 0
    - positions: [1.447896217044895, -1.683534150245032, -1.985400325552372, -1.564476926142776, 0.8016106784259578, 2.827425799988371, 0.4881869050530118]
      time_from_start: 0
    - positions: [2.74534867437036, -1.7628, -1.858973025183043, -0.6037535625411513, 2.296162809272151, 2.753160133898509, 0.2211006216986061]
      time_from_start: 0