joint_trajectory:
  joint_names: [panda_joint1, panda_joint2, panda_joint3, panda_joint4, panda_joint5, panda_joint6, panda_joint7]
  points:
    - positions: [-0.3895412844693866, 1.147001722943774, 0.9077073719271024, -0.6044418369010275, -2.020367688291792, 3.061932936219071, -1.146001208636579]
      time_from_start: 0
    - positions: [-1.134924711394487, 0.9550619767663053, 0.01355917485935842, -0.9006598477847594, -0.8286934083837958, 2.658843801643517, -0.818570507352304]
      time_from_start: 0
    - positions: [-1.463939815512574, 1.65920309326769, -0.05885655359685607, -1.684630895760271, 2.691865049211626, 2.615654547357675, 0.2339111310365309]
      time_from_start: 0
    - positions: [-0.3734497687386217, 1.7628, 1.241954475692612, -0.57116312415976, 2.272629151849863, 2.754506908406686, 0.294615456291301]
      time_from_start: 0