joint_trajectory:
  joint_names: [panda_joint1, panda_joint2, panda_joint3, panda_joint4, panda_joint5, panda_joint6, panda_joint7]
  points:
    - positions: [-0.08720733461597986, 1.002976229580214, 0.5533605377826852, -0.7294381434857231, 0.835863761249044, 3.419694303018819, 2.638456159607107]
      time_from_start: 0
    - positions: [-1.323438705678062, -0.5806940105683731, 1.54106521254947, -2.038146263998258, 1.820746414399496, 1.500260740024969, 0.9985465236969291]
      time_from_start: 0
    - positions: [1.32870428812597, -0.09131272973958393, 2.519461552140722, -2.571372599488963, -2.098268397243134, 3.072999529547524, -2.425809374590078]
      time_from_start: 0
    - positions: [-0.2752251154035804, 1.762496753894433, 1.21685427483444, -0.4304771601566916, 2.264044321822388, 2.793224171085042, 0.3713959553561831]
      time_from_start: 0