joint_trajectory:
  joint_names: [panda_joint1, panda_joint2, panda_joint3, panda_joint4, panda_joint5, panda_joint6, panda_joint7]
  points:
    - positions: [0.2975525152894722, 1.077527078146251, -0.5837534303876394, -0.5699889823031514, 1.924316693505317, 3.144700505744029, 2.510827005047295]
      time_from_start: 0
    - positions: [1.475061813346216, -1.516575081837412, -2.258606491211645, -1.624606406886031, -0.727089004286001, 2.659376927389332, -1.006787556297279]
      time_from_start: 0
    - positions: [2.76412018878317, -1.7628, -1.900673146544274, -0.5740538986983098, 2.282742948480919, 2.745224613216238, 0.2791604888964019]
      time_from_start: 0