joint_trajectory:
  joint_names: [panda_joint1, panda_joint2, panda_joint3, panda_joint4, panda_joint5, panda_joint6, panda_joint7]
  points:
    - positions: [0, -0.785, 0, -2.356, 0, 1.571, 0.785]
      time_from_start: 0
    - positions: [0.01739146365219841, 0.4519751686759287, 1.297611669291865, -1.98522635671422, -1.671626795014455, 1.478721104737124, 1.00778212558586]
      time_from_start: 0
    - positions: [0.6536284658148233, 0.9995015327639417, 0.8791986222037466, -1.280566038735208, -2.889457424766692, 2.509936722519427, -0.1310668398964729]
      time_from_start: 0