joint_trajectory:
  joint_names: [panda_joint1, panda_joint2, panda_joint3, panda_joint4, panda_joint5, panda_joint6, panda_joint7]
  points:
    - positions: [0, -0.785, 0, -2.356, 0, 1.571, 0.785]
      time_from_start: 0
    - positions: [0.2733157708025876, -0.3828395066758327, 0.6004994893985367, -1.577234105973121, -0.8799276351287391, 2.355214624768847, -0.2629745423810836]
      time_from_start: 0
    - positions: [0.6536135733213282, 0.9999526226981582, 0.879455500870186, -1.279404843097907, -2.894997402517899, 2.513329968471068, -0.1261909725127111]
      time_from_start: 0