joint_trajectory:
  joint_names: [panda_joint1, panda_joint2, panda_joint3, panda_joint4, panda_joint5, panda_joint6, panda_joint7]
  points:
    - positions: [0, -0.785, 0, -2.356, 0, 1.571, 0.785]
      time_from_start: 0
    - positions: [0.8901684174687363, -0.4802128427069172, 0.06574638948941304, -1.772237128814927, -1.748042784503571, 1.854138210179162, -0.6836298331345118]
      time_from_start: 0
    - positions: [0.6537819049303283, 0.9993192446990695, 0.8790772703735896, -1.280603190667695, -2.896467247718099, 2.510035110518841, -0.128846180829576]
      time_from_start: 0