joint_trajectory:
  joint_names: [panda_joint1, panda_joint2, panda_joint3, panda_joint4, panda_joint5, panda_joint6, panda_joint7]
  points:
    - positions: [-2.572710754048428, -1.389141532646559, 1.508358370592489, -0.8267544821867243, 2.528864021582796, 2.814214704044169, 2.8973]
      time_from_start: 0
    - positions: [1.311050785482278, -1.44923895829277, -2.240936930204909, -1.515404870805432, 0.7391862143817605, 1.488959415069283, 0.1884884462551928]
      time_from_start: 0
    - positions: [2.785367416095991, -1.7628, -1.90370869227701, -0.5537633927076465, 2.306204297580916, 2.747135558052284, 0.2727047185386073]
      time_from_start: 0