joint_trajectory:
  joint_names: [panda_joint1, panda_joint2, panda_joint3, panda_joint4, panda_joint5, panda_joint6, panda_joint7]
  points:
    - positions: [0, -0.785, 0, -2.356, 0, 1.571, 0.785]
      time_from_start: 0
    - positions: [0.5026581835513105, 0.4279108318706715, 0.7895428318342547, -1.172624664829421, -2.078449178990653, 2.523316622352456, 0.4646156298473413]
      time_from_start: 0
    - positions: [0.6526827411526251, 1.000028560956889, 0.8807078310941603, -1.280915319669968, -2.896494914106988, 2.510196579044154, -0.1252380027357511]
      time_from_start: 0