joint_trajectory:
  joint_names: [panda_joint1, panda_joint2, panda_joint3, panda_joint4, panda_joint5, panda_joint6, panda_joint7]
  points:
    - positions: [0, -0.785, 0, -2.356, 0, 1.571, 0.785]
      time_from_start: 0
    - positions: [0.3203688442017114, -0.8114602698796862, 0.1823688937326934, -2.214258961522987, -0.5845705297917088, 1.326655873098884, 0.1557361772902995]
      time_from_start: 0
    - positions: [0.6992193694102198, 0.5992133667707608, 0.7962497097277523, -1.429830055328662, -2.61254333333383, 2.165680839162864, -0.2976487811565734]
      time_from_start: 0
    - positions: [0.6533333708421036, 0.9996812182818244, 0.8796782206232007, -1.280448676598188, -2.896534158266188, 2.510978293013629, -0.1275367476890537]
      time_from_start: 0