joint_trajectory:
  joint_names: [panda_joint1, panda_joint2, panda_joint3, panda_joint4, panda_joint5, panda_joint6, panda_joint7]
  points:
    - positions: [0, -0.785, 0, -2.356, 0, 1.571, 0.785]
      time_from_start: 0
    - positions: [0.8486125189637144, 0.3944046192439671, 0.3693625762402419, -1.22418028636671, -2.298250846011209, 1.840844480493296, -0.2042384575186071]
      time_from_start: 0
    - positions: [0.6541934193192663, 0.99893450234355, 0.8781494148004321, -1.28073753520894, -2.889302111589118, 2.50952490774667, -0.1334378368517213]
      time_from_start: 0