joint_trajectory:
  joint_names: [panda_joint1, panda_joint2, panda_joint3, panda_joint4, panda_joint5, panda_joint6, panda_joint7]
  points:
    - positions: [0, -0.785, 0, -2.356, 0, 1.571, 0.785]
      time_from_start: 0
    - positions: [0.984193078483, 0.2689697523946137, 0.2424420784537873, -1.360527475186861, -1.492730198229138, 1.409192312562177, 0.623494189243378]
      time_from_start: 0
    - positions: [0.6529909446838483, 0.9999275070344656, 0.8801626496485061, -1.280802491330805, -2.892601112940264, 2.510103484673129, -0.1277923430374148]
      time_from_start: 0