joint_trajectory:
  joint_names: [panda_joint1, panda_joint2, panda_joint3, panda_joint4, panda_joint5, panda_joint6, panda_joint7]
  points:
    - positions: [0, -0.785, 0, -2.356, 0, 1.571, 0.785]
      time_from_start: 0
    - positions: [0.7573267088236548, 0.4290628294064562, 0.6710863546675281, -1.129302924301125, -0.9787712235532904, 2.260263453051797, 1.339065157355989]
      time_from_start: 0
    - positions: [0.6539881852228255, 0.999108217058603, 0.8783414767859408, -1.280076420627097, -2.892196828550796, 2.512166490496494, -0.13226783453825]
      time_from_start: 0