joint_trajectory:
  joint_names: [panda_joint1, panda_joint2, panda_joint3, panda_joint4, panda_joint5, panda_joint6, panda_joint7]
  points:
    - positions: [0, -0.785, 0, -2.356, 0, 1.571, 0.785]
      time_from_start: 0
    - positions: [0.5137254634314693, -0.2645157650118263, 0.4258179236792531, -1.410646892701722, -0.2616820031767375, 1.747941199886114, 1.008323295336201]
      time_from_start: 0
    - positions: [0.6343068139587955, 0.7084858838075132, 0.7810376195298969, -1.285624552060766, -2.267815854010735, 2.331945059857963, 0.1529907539070859]
      time_from_start: 0
    - positions: [0.6539262684393858, 0.999018597321752, 0.8785033097018361, -1.280336035317934, -2.89643367180621, 2.511266096989847, -0.1272411624750593]
      time_from_start: 0