joint_trajectory:
  joint_names: [panda_joint1, panda_joint2, panda_joint3, panda_joint4, panda_joint5, panda_joint6, panda_joint7]
  points:
    - positions: [0, -0.785, 0, -2.356, 0, 1.571, 0.785]
      time_from_start: 0
    - positions: [0.4849976978255516, 0.3633557638394048, 0.8064197807706652, -1.134723751615426, -1.113711283118136, 2.063401177867307, 0.3116163760188492]
      time_from_start: 0
    - positions: [0.8588518022144731, 0.6471772087022484, 0.4434638605316203, -1.194094396756088, -2.155473667857038, 2.419214327203721, 0.2863067134297358]
      time_from_start: 0
    - positions: [1.072174051368679, 0.8044537247667326, 0.2287097432931083, -1.235747754149484, -2.751330419736177, 2.622057827452129, 0.2745036656323461]
      time_from_start: 0