joint_trajectory:
  joint_names: [panda_joint1, panda_joint2, panda_joint3, panda_joint4, panda_joint5, panda_joint6, panda_joint7]
  points:
    - positions: [0, -0.785, 0, -2.356, 0, 1.571, 0.785]
      time_from_start: 0
    - positions: [0.664877914593851, -0.499958785792686, 0.3078252812771754, -1.494689465538752, -0.3994363400132774, 2.365261451692914, 0.9242199995822029]
      time_from_start: 0
    - positions: [0.652996336306276, 0.9988469464671095, 0.8797420517479093, -1.282903278932518, -2.892500570975689, 2.505450691027752, -0.1279650698853215]
      time_from_start: 0