joint_trajectory:
  joint_names: [panda_joint1, panda_joint2, panda_joint3, panda_joint4, panda_joint5, panda_joint6, panda_joint7]
  points:
    - positions: [0, -0.785, 0, -2.356, 0, 1.571, 0.785]
      time_from_start: 0
    - positions: [0.9633338134182888, 0.007369419565283072, 0.1514133185804249, -1.166970579964562, -2.076487322867572, 1.636632643788157, -0.7745908825628141]
      time_from_start: 0
    - positions: [0.6539409822310112, 0.9983041732213171, 0.8781435211365864, -1.282126225237375, -2.887789306067289, 2.507241049780256, -0.1335198429005491]
      time_from_start: 0