joint_trajectory:
  joint_names: [panda_joint1, panda_joint2, panda_joint3, panda_joint4, panda_joint5, panda_joint6, panda_joint7]
  points:
    - positions: [-2.455865401790259, -1.754400057021324, 2.8973, -0.6588669043858568, -2.525316848071344, 2.302479817548811, 0.6118043339710364]
      time_from_start: 0
    - positions: [-1.315611009649718, -1.437976996351176, 2.299692635260464, -0.8637654269238841, -1.421051667214331, 2.469187461913042, -0.3405071283085443]
      time_from_start: 0
    - positions: [-2.421470262799922, 0.2039387667685764, 2.446970260792236, -0.2551037179347286, -1.068621347350762, 1.454952248203135, -1.218253029776576]
      time_from_start: 0
    - positions: [-2.326000599900711, -0.9635636367735757, 2.712526644694091, -1.043603948008225, -2.390409745922037, 2.7505720280948, 0.4377776428252567]
      time_from_start: 0