joint_trajectory:
  joint_names: [panda_joint1, panda_joint2, panda_joint3, panda_joint4, panda_joint5, panda_joint6, panda_joint7]
  points:
    - positions: [0.07627625122477981, 1.006654247308145, -0.4457299384289365, -0.7741334962126443, -0.6254209774008674, 3.428019572824582, -1.369022438303058]
      time_from_start: 0
    - positions: [-0.3111444029596045, 0.9318645736835488, -1.317018124821904, -1.672066234140526, 1.862567199995912, 3.377314523708504, -0.8077336247899454]
      time_from_start: 0
    - positions: [-0.9538569007831041, 1.62454157261357, -0.09106018352202236, -1.106469068588596, 1.686997675387714, 3.62179161581639, -0.4529761665817102]
      time_from_start: 0
    - positions: [-0.329020807096582, 1.7628, 1.234035596883182, -0.5070994949993847, 2.27808538662583, 2.776557469442253, 0.306485494667992]
      time_from_start: 0