joint_trajectory:
  joint_names: [panda_joint1, panda_joint2, panda_joint3, panda_joint4, panda_joint5, panda_joint6, panda_joint7]
  points:
    - positions: [0, -0.785, 0, -2.356, 0, 1.571, 0.785]
      time_from_start: 0
    - positions: [0.8356003187878914, -0.8785136098398922, 0.1779854061081531, -1.867923070790507, -2.352834532638808, 1.034538398392883, 1.12823682867789]
      time_from_start: 0
    - positions: [0.6535960966362367, 0.9990336792552181, 0.8788384100592783, -1.281222986009913, -2.89055683685481, 2.509417340419574, -0.1312681895020992]
      time_from_start: 0