joint_trajectory:
  joint_names: [panda_joint1, panda_joint2, panda_joint3, panda_joint4, panda_joint5, panda_joint6, panda_joint7]
  points:
    - positions: [2.647579243142872, -1.266399226598442, -1.799401866835857, -0.6966156283663256, -2.367302674225557, 2.941788435780837, -1.195394583814964]
      time_from_start: 0
    - positions: [0.6909092451973164, -1.412529181668148, -1.479141497586788, -1.650857033481012, 0.8151902695113118, 2.208449986820576, -1.409425395604607]
      time_from_start: 0
    - positions: [1.388102214349817, -1.581120052649305, -2.065342304858646, -1.532662495385615, 0.9987503472541456, 1.828866136793222, -1.116706521969367]
      time_from_start: 0
    - positions: [2.884974601714965, -1.748974555952579, -2.002743602419112, -0.4137552656056798, 2.32691204282465, 2.775008919240915, 0.3801691923421266]
      time_from_start: 0