joint_trajectory:
  joint_names: [panda_joint1, panda_joint2, panda_joint3, panda_joint4, panda_joint5, panda_joint6, panda_joint7]
  points:
    - positions: [0, -0.785, 0, -2.356, 0, 1.571, 0.785]
      time_from_start: 0
    - positions: [0.2138360825227618, -0.4528525620078304, 0.4510509863049609, -2.116791832210101, -0.4681640461355658, 2.206069989850501, -0.5106007138033712]
      time_from_start: 0
    - positions: [0.3903415113189193, 0.04395705470161494, 0.6822227293837739, -1.820018620071888, -1.277386001996333, 2.44328664814267, -0.7087349395930287]
      time_from_start: 0
    - positions: [0.6513570259241968, 1.00117353976086, 0.8830122044325182, -1.281875933954332, -2.896638027453284, 2.507239070965983, -0.1308826760039711]
      time_from_start: 0