joint_trajectory:
  joint_names: [panda_joint1, panda_joint2, panda_joint3, panda_joint4, panda_joint5, panda_joint6, panda_joint7]
  points:
    - positions: [0, -0.785, 0, -2.356, 0, 1.571, 0.785]
      time_from_start: 0
    - positions: [0.8141774210403537, 0.2002366309773348, 0.4751671454436444, -1.481867976304233, -1.586697750235914, 2.749078789593454, -0.9821535281157542]
      time_from_start: 0
    - positions: [0.6533261802886857, 0.9999299192339448, 0.8796770251605059, -1.28016991284222, -2.888883093021695, 2.511107176882546, -0.1305190582607497]
      time_from_start: 0