joint_trajectory:
  joint_names: [panda_joint1, panda_joint2, panda_joint3, panda_joint4, panda_joint5, panda_joint6, panda_joint7]
  points:
    - positions: [-2.45592291051919, -1.762547003736409, 2.886133455440127, -0.6240804565688188, -2.520983340511722, 2.304225938736694, 0.6064372655437144]
      time_from_start: 0
    - positions: [1.347717890229886, -0.7301637151161209, 2.270698695345815, -1.219715917775012, 0.8607246216142905, 0.6790261483122595, -1.460500061031192]
      time_from_start: 0
    - positions: [-1.389208346228812, 0.0117459469739403, 2.465392882999674, -1.772021933625244, -0.2423211838041956, 1.406562124644636, -0.008389680900345781]
      time_from_start: 0
    - positions: [-2.313482928537138, -0.9691938641288969, 2.689284809640768, -1.041165495765919, -2.379308074847443, 2.756401449916144, 0.4447130211461733]
      time_from_start: 0