joint_trajectory:
  joint_names: [panda_joint1, panda_joint2, panda_joint3, panda_joint4, panda_joint5, panda_joint6, panda_joint7]
  points:
    - positions: [0, -0.785, 0, -2.356, 0, 1.571, 0.785]
      time_from_start: 0
    - positions: [0.2060400251827625, -0.9574591619333831, 0.3428867816810495, -1.397704245200278, 0.3861340595811521, 2.078523813735595, 1.26800664874076]
      time_from_start: 0
    - positions: [1.042342704469025, 0.7211286580616698, 0.24680466971481, -1.206124513740249, -2.599927470054152, 2.617812875358342, 0.3362526092239155]
      time_from_start: 0
    - positions: [1.072174051368679, 0.8044537247667327, 0.2287097432931081, -1.235747754149484, -2.751330419736177, 2.622057827452129, 0.2745036656323461]
      time_from_start: 0