joint_trajectory:
  joint_names: [panda_joint1, panda_joint2, panda_joint3, panda_joint4, panda_joint5, panda_joint6, panda_joint7]
  points:
    - positions: [0, -0.785, 0, -2.356, 0, 1.571, 0.785]
      time_from_start: 0
    - positions: [0.554160649827062, -0.7813340090261842, 0.09740467714975104, -1.852571520385878, 0.73167423679501, 1.403381657727881, 0.2778263061368588]
      time_from_start: 0
    - positions: [0.6539668007784272, 0.998618810116811, 0.8781947899283261, -1.281370073770209, -2.891110426329499, 2.508883331390987, -0.129501340396002]
      time_from_start: 0