joint_trajectory:
  joint_names: [panda_joint1, panda_joint2, panda_joint3, panda_joint4, panda_joint5, panda_joint6, panda_joint7]
  points:
    - positions: [-0.1398220458022287, 1.063770851861237, 0.07536156578116912, -0.5412330746705887, -1.343271548374047, 3.257349268119182, -1.070015271288348]
      time_from_start: 0
    - positions: [0.8631591085196354, 1.069103513466586, 1.127701335762453, -1.056293298516114, 0.3213650764609713, 2.775775772275589, 0.8683901174312044]
      time_from_start: 0
    - positions: [0.4831754939197207, 1.752859081923625, 1.193176841163882, -1.181105455831356, 1.544986371864047, 2.657129977954997, 0.4361182727350216]
      time_from_start: 0
    - positions: [-0.386499777796516, 1.7628, 1.261551982747676, -0.5937980453577183, 2.292893140244627, 2.756102288152148, 0.2396261229300618]
      time_from_start: 0