joint_trajectory:
  joint_names: [panda_joint1, panda_joint2, panda_joint3, panda_joint4, panda_joint5, panda_joint6, panda_joint7]
  points:
    - positions: [0, -0.785, 0, -2.356, 0, 1.571, 0.785]
      time_from_start: 0
    - positions: [0.428800604710794, -0.8104605360009272, -0.03670414061527858, -2.137049729620538, -0.3621244087605237, 1.364687963786684, 0.5242209739116912]
      time_from_start: 0
    - positions: [1.146292227206209, 0.6240184276679992, 0.1882381256571827, -1.258896436950819, -2.617363009765655, 2.419540888639582, 0.2143541976340802]
      time_from_start: 0
    - positions: [1.072174051368679, 0.8044537247667329, 0.2287097432931083, -1.235747754149484, -2.751330419736177, 2.622057827452129, 0.2745036656323461]
      time_from_start: 0