joint_trajectory:
  joint_names: [panda_joint1, panda_joint2, panda_joint3, panda_joint4, panda_joint5, panda_joint6, panda_joint7]
  points:
    - positions: [0, -0.785, 0, -2.356, 0, 1.571, 0.785]
      time_from_start: 0
    - positions: [0.1364544415782892, -0.003321417617983144, 0.951104598756028, -1.807699948206971, -0.9787105175706196, 1.717851884664384, 0.05152641431410402]
      time_from_start: 0
    - positions: [0.1917692444390297, 0.1695776845494993, 1.066667873451789, -1.699336133018427, -1.243786457586012, 1.79468316680699, -0.05479976107035774]
      time_from_start: 0
    - positions: [0.6539269758967007, 0.9990326101640635, 0.8786682317019811, -1.280601738535319, -2.89595946790244, 2.510534201186494, -0.1270884309035283]
      time_from_start: 0