joint_trajectory:
  joint_names: [panda_joint1, panda_joint2, panda_joint3, panda_joint4, panda_joint5, panda_joint6, panda_joint7]
  points:
    - positions: [0, -0.785, 0, -2.356, 0, 1.571, 0.785]
      time_from_start: 0
    - positions: [0.5395640525393866, 0.4587832033120752, 0.745226695333276, -1.30011013904364, -2.854641798032195, 2.066423387888579, -0.3525862621221186]
      time_from_start: 0
    - positions: [0.6529796323561351, 0.9992703333230223, 0.8798980560015282, -1.282043264011088, -2.891664388822407, 2.507465057373562, -0.1282817139564919]
      time_from_start: 0