joint_trajectory:
  joint_names: [panda_joint1, panda_joint2, panda_joint3, panda_joint4, panda_joint5, panda_joint6, panda_joint7]
  points:
    - positions: [0, -0.785, 0, -2.356, 0, 1.571, 0.785]
      time_from_start: 0
    - positions: [1.455304868369528, 0.4357093242431593, -0.6209537934469547, -1.234792461854038, -2.046931277757954, 3.042990218493781, 0.189439614335732]
      time_from_start: 0
    - positions: [1.435035303978766, 0.4595358426943985, -0.5636778382555059, -1.236635334407999, -2.107153294553847, 3.028188308518291, 0.1845288560167715]
      time_from_start: 0
    - positions: [1.072174051368679, 0.8044537247667327, 0.2287097432931083, -1.235747754149484, -2.751330419736177, 2.62205782745213, 0.2745036656323459]
      time_from_start: 0