joint_trajectory:
  joint_names: [panda_joint1, panda_joint2, panda_joint3, panda_joint4, panda_joint5, panda_joint6, panda_joint7]
  points:
    - positions: [-2.444041842025564, -1.7628, 2.845033879877672, -0.6113597004127562, -2.47187568159823, 2.330147749124311, 0.6094722375608909]
      time_from_start: 0
    - positions: [-0.8420899852733648, -1.559528562238379, 2.147880240333995, -1.133334612089268, -1.812528344907123, 2.188933545654224, -0.195554580961286]
      time_from_start: 0
    - positions: [-1.718142028957737, -0.2187381144999921, 2.059477672312416, -0.8882137655908857, -1.618796328305671, 2.92147002066324, -0.4806910543809923]
      time_from_start: 0
    - positions: [-2.281585319114546, -0.9860310947426089, 2.626860717520697, -1.031896951522626, -2.35412480818804, 2.77818682069932, 0.4693724834920918]
      time_from_start: 0