joint_trajectory:
  joint_names: [panda_joint1, panda_joint2, panda_joint3, panda_joint4, panda_joint5, panda_joint6, panda_joint7]
  points:
    - positions: [0, -0.785, 0, -2.356, 0, 1.571, 0.785]
      time_from_start: 0
    - positions: [0.7771640011214493, 0.3538886466841992, 0.521970544300276, -1.539476254601993, -2.111858776186249, 1.983920730291021, -0.6325302923699883]
      time_from_start: 0
    - positions: [0.6527004514259405, 0.9996367635888449, 0.8804024078644561, -1.281738261012587, -2.89467682061238, 2.507896391006045, -0.1260614286024665]
      time_from_start: 0