joint_trajectory:
  joint_names: [panda_joint1, panda_joint2, panda_joint3, panda_joint4, panda_joint5, panda_joint6, panda_joint7]
  points:
    - positions: [0, -0.785, 0, -2.356, 0, 1.571, 0.785]
      time_from_start: 0
    - positions: [0.7218972403387316, 0.4988623599593343, 0.7738764046876312, -1.33535093416329, -1.432290195760329, 2.083456484113838, 0.3479010822923334]
      time_from_start: 0
    - positions: [0.6513830026129438, 1.001849640747052, 0.8832446782800274, -1.279923051574812, -2.8973, 2.512101967713011, -0.1310731317250838]
      time_from_start: 0