joint_trajectory:
  joint_names: [panda_joint1, panda_joint2, panda_joint3, panda_joint4, panda_joint5, panda_joint6, panda_joint7]
  points:
    - positions: [0, -0.785, 0, -2.356, 0, 1.571, 0.785]
      time_from_start: 0
    - positions: [0.6937682894133763, 0.3704389734005228, 0.3625755348082482, -1.1398762261797, -0.7803466336277918, 2.833034581769318, 0.9245358557474531]
      time_from_start: 0
    - positions: [0.6535576929383792, 0.9990059135292371, 0.8792230073918589, -1.281918760473097, -2.895514604595761, 2.506589072215121, -0.128137690207605]
      time_from_start: 0