joint_trajectory:
  joint_names: [panda_joint1, panda_joint2, panda_joint3, panda_joint4, panda_joint5, panda_joint6, panda_joint7]
  points:
    - positions: [0.4383279513383985, 1.7628, -2.318450751102638, -0.958740772419911, 2.834540583299197, 2.616660003893305, -2.8973]
      time_from_start: 0
    - positions: [1.532365893018393, -1.391362641823227, -2.186134380075432, -2.441821410594231, 1.905306366889756, 1.704366659782911, -1.920884098842621]
      time_from_start: 0
    - positions: [2.781066643334663, -1.760862011670253, -1.875903941277067, -0.5425562179196427, 2.299534723398013, 2.782826787262048, 0.2493104859474393]
      time_from_start: 0