joint_trajectory:
  joint_names: [panda_joint1, panda_joint2, panda_joint3, panda_joint4, panda_joint5, panda_joint6, panda_joint7]
  points:
    - positions: [0, -0.785, 0, -2.356, 0, 1.571, 0.785]
      time_from_start: 0
    - positions: [0.804725145645818, 0.338363136949552, 0.3625266498554928, -1.176514978874672, -1.906380549697763, 2.455767959903684, 0.2640420997099948]
      time_from_start: 0
    - positions: [1.072174051368679, 0.8044537247667328, 0.2287097432931084, -1.235747754149484, -2.751330419736178, 2.62205782745213, 0.2745036656323462]
      time_from_start: 0