joint_trajectory:
  joint_names: [panda_joint1, panda_joint2, panda_joint3, panda_joint4, panda_joint5, panda_joint6, panda_joint7]
  points:
    - positions: [0, -0.785, 0, -2.356, 0, 1.571, 0.785]
      time_from_start: 0
    - positions: [0.462155245250301, -0.5383913050656977, 0.0415650630220039, -2.195535799879131, -0.2795541094400831, 1.863866302710074, 1.019836657046905]
      time_from_start: 0
    - positions: [1.055221642801307, 0.3057776292624179, 0.1635199108573384, -1.601628814594523, -1.729035348147152, 2.432457128457876, 0.7737935650948982]
      time_from_start: 0
    - positions: [1.072174051368679, 0.8044537247667327, 0.2287097432931082, -1.235747754149484, -2.751330419736177, 2.622057827452129, 0.2745036656323461]
      time_from_start: 0