joint_trajectory:
  joint_names: [panda_joint1, panda_joint2, panda_joint3, panda_joint4, panda_joint5, panda_joint6, panda_joint7]
  points:
    - positions: [0, -0.785, 0, -2.356, 0, 1.571, 0.785]
      time_from_start: 0
    - positions: [0.2216039635964925, -0.8579511399021816, 0.1411239938576635, -2.102043129505909, -0.007317024293090257, 1.713603271464704, 0.5471140123614784]
      time_from_start: 0
    - positions: [1.084805491488057, 0.6421473244313866, 0.2737245753904063, -1.212442102559086, -2.530620437228162, 2.600785292204869, 0.2087992882994461]
      time_from_start: 0
    - positions: [1.072174051368679, 0.8044537247667329, 0.2287097432931083, -1.235747754149484, -2.751330419736177, 2.622057827452129, 0.2745036656323461]
      time_from_start: 0