joint_trajectory:
  joint_names: [panda_joint1, panda_joint2, panda_joint3, panda_joint4, panda_joint5, panda_joint6, panda_joint7]
  points:
    - positions: [0, -0.785, 0, -2.356, 0, 1.571, 0.785]
      time_from_start: 0
    - positions: [1.138308315495281, -0.1456791065779636, -0.09827994459331717, -1.173427062140135, -0.7867032263507707, 1.961960941658017, 0.1460390465695854]
      time_from_start: 0
    - positions: [0.6540379409867551, 0.9992943170748224, 0.8785237964585683, -1.28000863159405, -2.888016951351008, 2.511322604961005, -0.1333475190314976]
      time_from_start: 0