joint_trajectory:
  joint_names: [panda_joint1, panda_joint2, panda_joint3, panda_joint4, panda_joint5, panda_joint6, panda_joint7]
  points:
    - positions: [0, -0.785, 0, -2.356, 0, 1.571, 0.785]
      time_from_start: 0
    - positions: [0.4819268149536222, 0.2867038927346575, 0.8381497462059917, -1.307156415526307, -1.223480267603183, 2.578551829626345, -0.6655130039155845]
      time_from_start: 0
    - positions: [0.6530026890266818, 0.9996742838729153, 0.8801069248053638, -1.281022761275081, -2.897012170510927, 2.50974166499645, -0.1262589943043158]
      time_from_start: 0