joint_trajectory:
  joint_names: [panda_joint1, panda_joint2, panda_joint3, panda_joint4, panda_joint5, panda_joint6, panda_joint7]
  points:
    - positions: [0, -0.785, 0, -2.356, 0, 1.571, 0.785]
      time_from_start: 0
    - positions: [0.7565796511078174, 0.3218065974830075, 0.594083767979404, -1.375831839314789, -1.435735204696815, 2.394521347603985, 0.2145148615966573]
      time_from_start: 0
    - positions: [1.072174051368679, 0.8044537247667329, 0.2287097432931083, -1.235747754149484, -2.751330419736177, 2.622057827452129, 0.2745036656323459]
      time_from_start: 0