joint_trajectory:
  joint_names: [panda_joint1, panda_joint2, panda_joint3, panda_joint4, panda_joint5, panda_joint6, panda_joint7]
  points:
    - positions: [-2.699704641711497, -1.76184507583071, 0.8298065381757819, -0.92787167363344, 2.827782459154465, 2.655805748954041, -2.8973]
      time_from_start: 0
    - positions: [-1.241395370373478, 1.544732483552627, 0.5356343255099127, -1.20348745006513, 0.149928969234106, 2.685543783610247, 0.9795848181418242]
      time_from_start: 0
    - positions: [-0.2584473014795924, 1.759695593965537, 1.207831051183595, -0.4049798327464675, 2.26571975662136, 2.79523510795662, 0.3789381518442089]
      time_from_start: 0