joint_trajectory:
  joint_names: [panda_joint1, panda_joint2, panda_joint3, panda_joint4, panda_joint5, panda_joint6, panda_joint7]
  points:
    - positions: [0, -0.785, 0, -2.356, 0, 1.571, 0.785]
      time_from_start: 0
    - positions: [0.753961709635075, 0.3474626342764241, 0.7332613420412183, -1.392388241315857, 0.2175101871749645, 1.344138219025821, 1.021435757690548]
      time_from_start: 0
    - positions: [0.6538661669311598, 0.998903744530507, 0.8784903164873987, -1.28086035371088, -2.892344951279644, 2.509848447084409, -0.1316032276060785]
      time_from_start: 0