joint_trajectory:
  joint_names: [panda_joint1, panda_joint2, panda_joint3, panda_joint4, panda_joint5, panda_joint6, panda_joint7]
  points:
    - positions: [0.04776663528470238, 1.019325191371266, -0.5250221494405515, -0.6526203087154469, -1.018708852267535, 3.407340822014248, -0.903635897084756]
      time_from_start: 0
    - positions: [1.254348956020213, -1.495197596966706, -1.831832719098508, -1.400404112724748, 0.1793047133895813, 1.754894724743717, 1.803675661943178]
      time_from_start: 0
    - positions: [1.502043558276561, -1.619959461799015, -1.9632488659076, -1.390890717528088, 0.1855423661131129, 1.811172583210298, 1.837964576484525]
      time_from_start: 0
    - positions: [2.828142125704231, -1.761296159728095, -1.911874659760977, -0.4783322084437471, 2.250857332467441, 2.771887200217246, 0.3558627119197137]
      time_from_start: 0