joint_trajectory:
  joint_names: [panda_joint1, panda_joint2, panda_joint3, panda_joint4, panda_joint5, panda_joint6, panda_joint7]
  points:
    - positions: [0, -0.785, 0, -2.356, 0, 1.571, 0.785]
      time_from_start: 0
    - positions: [1.541576023094838, 0.07585703392719718, -0.5734789299724024, -1.741019732234396, -2.074490197103787, 1.912528069693614, 0.7653951026397356]
      time_from_start: 0
    - positions: [1.498446635231876, 0.1521782785065956, -0.4616171443165282, -1.67376961218934, -2.153988362036088, 1.996843256143658, 0.7084030233286602]
      time_from_start: 0
    - positions: [1.072174051368679, 0.8044537247667327, 0.2287097432931082, -1.235747754149484, -2.751330419736177, 2.622057827452129, 0.2745036656323461]
      time_from_start: 0