joint_trajectory:
  joint_names: [panda_joint1, panda_joint2, panda_joint3, panda_joint4, panda_joint5, panda_joint6, panda_joint7]
  points:
    - positions: [0, -0.785, 0, -2.356, 0, 1.571, 0.785]
      time_from_start: 0
    - positions: [0.8426278599884847, 0.1588543255548125, 0.08058608288986514, -1.100358277619661, -0.21066864645799, 2.410050888805717, 0.7374453977241262]
      time_from_start: 0
    - positions: [1.072174051368679, 0.8044537247667326, 0.2287097432931083, -1.235747754149484, -2.751330419736177, 2.622057827452129, 0.2745036656323461]
      time_from_start: 0