joint_trajectory:
  joint_names: [panda_joint1, panda_joint2, panda_joint3, panda_joint4, panda_joint5, panda_joint6, panda_joint7]
  points:
    - positions: [-2.604972617445148, -1.398510984895222, 1.51495753483587, -0.7796303294952445, 2.533716999403721, 2.846103132588347, 2.8973]
      time_from_start: 0
    - positions: [-1.459746320573276, 0.9132403766431372, 0.5801606720286365, -0.9185153481982375, 0.3793138160627814, 1.515722708600161, 0.8542945375124065]
      time_from_start: 0
    - positions: [-1.163237795333787, 1.525500131166016, 0.5729622542165149, -0.8879570333221718, 0.3799923555274153, 1.574661958906162, 0.4345441705110782]
      time_from_start: 0
    - positions: [-0.4025271457114898, 1.7628, 1.288673310577322, -0.6169361825176434, 2.284009285104108, 2.760042214128728, 0.2345744666515947]
      time_from_start: 0