joint_trajectory:
  joint_names: [panda_joint1, panda_joint2, panda_joint3, panda_joint4, panda_joint5, panda_joint6, panda_joint7]
  points:
    - positions: [0, -0.785, 0, -2.356, 0, 1.571, 0.785]
      time_from_start: 0
    - positions: [0.3522237544775689, -0.5782639482499008, 0.4305610236023155, -2.155350537054393, -1.850024664670573, 2.594180153362861, 0.9547952799654241]
      time_from_start: 0
    - positions: [0.6533943463007509, 0.9986116788377034, 0.8790638982627621, -1.282577417349476, -2.891675223846917, 2.505929422647671, -0.1298090734462267]
      time_from_start: 0