joint_trajectory:
  joint_names: [panda_joint1, panda_joint2, panda_joint3, panda_joint4, panda_joint5, panda_joint6, panda_joint7]
  points:
    - positions: [0, -0.785, 0, -2.356, 0, 1.571, 0.785]
      time_from_start: 0
    - positions: [0.0947658713714026, -0.1593129883054096, 0.8083175674540455, -2.160236819318291, -1.497998638319609, 2.121566122009561, -0.9619505822925446]
      time_from_start: 0
    - positions: [0.2219564380838867, 0.1195666223108879, 0.8525254383266269, -1.958405397230961, -1.859534236696097, 2.226978827064957, -0.8389986548007978]
      time_from_start: 0
    - positions: [0.6535581376926572, 0.9995439657792607, 0.8794170383787521, -1.280727932780093, -2.891258208749166, 2.509728545249473, -0.1298389826509674]
      time_from_start: 0