joint_trajectory:
  joint_names: [panda_joint1, panda_joint2, panda_joint3, panda_joint4, panda_joint5, panda_joint6, panda_joint7]
  points:
    - positions: [0, -0.785, 0, -2.356, 0, 1.571, 0.785]
      time_from_start: 0
    - positions: [0.2649999097278082, 0.1169482057828045, 1.048449437912413, -0.998281968016108, -2.317350443460932, 2.062476952871865, 0.8099633510481594]
      time_from_start: 0
    - positions: [0.6534130803495404, 0.9995080846521609, 0.879369415701313, -1.280551755985434, -2.892218205586162, 2.510891439083817, -0.1299423973573991]
      time_from_start: 0