joint_trajectory:
  joint_names: [panda_joint1, panda_joint2, panda_joint3, panda_joint4, panda_joint5, panda_joint6, panda_joint7]
  points:
    - positions: [-2.554889055315032, -1.368562531042671, 1.551027126297818, -0.8465823648338844, 2.490039107630696, 2.829027969492444, 2.8973]
      time_from_start: 0
    - positions: [1.403790729719938, -1.728131518559171, -2.080513656833546, -1.399160850732053, 0.9765481307232182, 1.68533133142389, 0.2359184275765775]
      time_from_start: 0
    - positions: [1.657097238377884, -1.735069111040968, -2.06391407177526, -1.23993149694893, 1.213054736191685, 1.881889386280255, 0.2533972016733198]
      time_from_start: 0
    - positions: [2.819711768196643, -1.7628, -1.895141932448467, -0.4897112026490702, 2.275592409760349, 2.771089853423321, 0.3057916376355062]
      time_from_start: 0