joint_trajectory:
  joint_names: [panda_joint1, panda_joint2, panda_joint3, panda_joint4, panda_joint5, panda_joint6, panda_joint7]
  points:
    - positions: [0, -0.785, 0, -2.356, 0, 1.571, 0.785]
      time_from_start: 0
    - positions: [0.810957321936382, 0.1623314313296002, 0.4883953837626716, -1.307103286899717, -2.014620611688799, 1.885879311682393, -0.2848047972661951]
      time_from_start: 0
    - positions: [0.6536110153377067, 0.9995349606244641, 0.8791925302617875, -1.28046135737305, -2.895114320658502, 2.510649002903638, -0.128917341939522]
      time_from_start: 0