joint_trajectory:
  joint_names: [panda_joint1, panda_joint2, panda_joint3, panda_joint4, panda_joint5, panda_joint6, panda_joint7]
  points:
    - positions: [0, -0.785, 0, -2.356, 0, 1.571, 0.785]
      time_from_start: 0
    - positions: [0.7116368802898652, -0.3148808474656967, 0.5684520570418008, -1.34429565949001, -0.1615470018449032, 2.316557711608137, 1.108374140673382]
      time_from_start: 0
    - positions: [0.6541533595054188, 0.998956291493474, 0.8780003541826429, -1.28007618780365, -2.888122100580619, 2.512543054771538, -0.1345436349016979]
      time_from_start: 0