joint_trajectory:
  joint_names: [panda_joint1, panda_joint2, panda_joint3, panda_joint4, panda_joint5, panda_joint6, panda_joint7]
  points:
    - positions: [0, -0.785, 0, -2.356, 0, 1.571, 0.785]
      time_from_start: 0
    - positions: [-0.2134907297008245, 0.06598602285645544, 1.462563563148566, -1.896898423799322, -1.527038078810881, 1.768894780368498, 0.5009888609683183]
      time_from_start: 0
    - positions: [0.6531297391542915, 0.9990631392039554, 0.8796246057655106, -1.282670075201482, -2.890512910561437, 2.505376674182182, -0.1289962760020569]
      time_from_start: 0