joint_trajectory:
  joint_names: [panda_joint1, panda_joint2, panda_joint3, panda_joint4, panda_joint5, panda_joint6, panda_joint7]
  points:
    - positions: [-0.01148960532001573, 0.9199123493725734, 0.1190505736432126, -0.9426701223297581, 0.2401839410829448, 3.446444368294117, -2.670601773720438]
      time_from_start: 0
    - positions: [-0.856182252489496, 1.030031572292, 2.609996406781487, -2.264242916690395, -1.244044955729507, 2.430648966736626, 0.09373229339635003]
      time_from_start: 0
    - positions: [-0.307248721950963, 1.7628, 1.23183999525368, -0.4661662561779092, 2.257092384575472, 2.779676933011037, 0.3442840801259625]
      time_from_start: 0