joint_trajectory:
  joint_names: [panda_joint1, panda_joint2, panda_joint3, panda_joint4, panda_joint5, panda_joint6, panda_joint7]
  points:
    - positions: [2.815852582054809, -1.097100446320438, -2.473285361807247, -0.5731572320042952, -1.886454065352612, 3.121993080677909, -1.055024440783899]
      time_from_start: 0
    - positions: [-0.4697923435021432, 1.055240324543807, -0.9430690682059752, -1.69608868850207, 1.272339565393939, 2.828879784375428, 0.5697763153996979]
      time_from_start: 0
    - positions: [-0.4466518516206987, 1.470253502044191, 0.2483651359358299, -1.032140738797962, 1.850012224627938, 2.81710164091982, 0.404622224707342]
      time_from_start: 0
    - positions: [-0.3178318799168041, 1.7628, 1.223583925850561, -0.4941584960013065, 2.286737238448215, 2.761557817473499, 0.3140394171279398]
      time_from_start: 0