joint_trajectory:
  joint_names: [panda_joint1, panda_joint2, panda_joint3, panda_joint4, panda_joint5, panda_joint6, panda_joint7]
  points:
    - positions: [0, -0.785, 0, -2.356, 0, 1.571, 0.785]
      time_from_start: 0
    - positions: [0.07860636292847167, 0.08236446139036957, 1.669588260037766, -1.080055250861868, -2.847688262618842, 0.9065446709062663, 1.500831578697733]
      time_from_start: 0
    - positions: [0.6539120200268538, 0.9987730822754314, 0.8784845279944927, -1.28166617137181, -2.890072101528053, 2.507476151722734, -0.1289825627286931]
      time_from_start: 0