joint_trajectory:
  joint_names: [panda_joint1, panda_joint2, panda_joint3, panda_joint4, panda_joint5, panda_joint6, panda_joint7]
  points:
    - positions: [0, -0.785, 0, -2.356, 0, 1.571, 0.785]
      time_from_start: 0
    - positions: [0.7182247179206716, 0.04819040679776198, 0.8412512943854582, -1.497977322922432, -1.038335246027558, 1.195644755479022, 0.4457324234955325]
      time_from_start: 0
    - positions: [1.072174051368679, 0.8044537247667328, 0.2287097432931084, -1.235747754149484, -2.751330419736178, 2.62205782745213, 0.2745036656323462]
      time_from_start: 0