joint_trajectory:
  joint_names: [panda_joint1, panda_joint2, panda_joint3, panda_joint4, panda_joint5, panda_joint6, panda_joint7]
  points:
    - positions: [-0.1398220458022287, 1.063770851861237, 0.07536156578116912, -0.5412330746705887, -1.343271548374047, 3.257349268119182, -1.070015271288348]
      time_from_start: 0
    - positions: [0.8252471962460228, 0.8484122756635606, 0.6687044761766521, -1.028868238755166, -0.5592185525860673, 2.52862638319595, -0.619513070520938]
      time_from_start: 0
    - positions: [0.330545241845581, 1.632159224606732, 1.143363793766671, -1.151086085798879, 1.383124498590479, 2.599610467582005, 0.4042487359264954]
      time_from_start: 0
    - positions: [-0.3864997777965162, 1.7628, 1.261551982747676, -0.5937980453577181, 2.292893140244627, 2.756102288152148, 0.2396261229300614]
      time_from_start: 0