joint_trajectory:
  joint_names: [panda_joint1, panda_joint2, panda_joint3, panda_joint4, panda_joint5, panda_joint6, panda_joint7]
  points:
    - positions: [0, -0.785, 0, -2.356, 0, 1.571, 0.785]
      time_from_start: 0
    - positions: [0.4609814553890527, -0.2700336330573394, 0.9279324099671619, -0.8406975887737903, -2.492065093268742, 1.299788492934219, 0.7663951707880373]
      time_from_start: 0
    - positions: [0.6531470586185365, 0.9995730339859453, 0.8798419598400246, -1.281073663850519, -2.895391064648066, 2.509660328681787, -0.1273965704367404]
      time_from_start: 0