joint_trajectory:
  joint_names: [panda_joint1, panda_joint2, panda_joint3, panda_joint4, panda_joint5, panda_joint6, panda_joint7]
  points:
    - positions: [-2.8973, -1.032867185462978, 2.225727285581619, -0.8417957405775792, -0.6913129943851566, 3.530606154043936, -0.9212843934967586]
      time_from_start: 0
    - positions: [1.654187148193131, -1.673916042990983, -2.627773325303849, -1.925034013470542, 1.466055860273587, 0.9261158696864732, -0.8082592571445275]
      time_from_start: 0
    - positions: [2.789386293429327, -1.760662073569887, -1.903864700572954, -0.5453230793259544, 2.29654908091537, 2.761096660755302, 0.2762872826763772]
      time_from_start: 0