joint_trajectory:
  joint_names: [panda_joint1, panda_joint2, panda_joint3, panda_joint4, panda_joint5, panda_joint6, panda_joint7]
  points:
    - positions: [-0.4154708297357404, 1.071442460811337, 0.8761474589514114, -0.6898554084638688, -2.211708759340985, 3.036272229372283, -0.8870040935065735]
      time_from_start: 0
    - positions: [1.379143568814358, -1.228894926928226, -2.418648858321446, -1.909924102960436, 1.016710853796104, 1.81174356064342, 1.869575454650242]
      time_from_start: 0
    - positions: [1.87160707484026, -1.432183151466065, -2.267728121971789, -1.516774302590561, 1.434908437943053, 2.098309060057727, 1.381607366473878]
      time_from_start: 0
    - positions: [2.766149556861957, -1.75471580282317, -1.901865577659401, -0.5742153572180929, 2.282913404453573, 2.755827994804847, 0.2946455737546037]
      time_from_start: 0