joint_trajectory:
  joint_names: [panda_joint1, panda_joint2, panda_joint3, panda_joint4, panda_joint5, panda_joint6, panda_joint7]
  points:
    - positions: [0, -0.785, 0, -2.356, 0, 1.571, 0.785]
      time_from_start: 0
    - positions: [0.6640865059267959, 0.2986095202586244, 0.8562630841073391, -1.188888572877825, -1.217188845651253, 2.235342191858564, 0.5762670302739671]
      time_from_start: 0
    - positions: [0.6533258005583821, 0.9987175786681385, 0.8791361355971997, -1.282505259745971, -2.888091036473239, 2.505952737113233, -0.1310015924248911]
      time_from_start: 0