joint_trajectory:
  joint_names: [panda_joint1, panda_joint2, panda_joint3, panda_joint4, panda_joint5, panda_joint6, panda_joint7]
  points:
    - positions: [0, -0.785, 0, -2.356, 0, 1.571, 0.785]
      time_from_start: 0
    - positions: [-0.04780377621880888, -0.3220214620533319, 1.273937871607317, -1.467728493594748, -1.816055791312459, 2.649457159324848, 1.235518683597194]
      time_from_start: 0
    - positions: [0.6544793934343285, 0.9986493838314207, 0.877589179806412, -1.280571107579964, -2.886801173949803, 2.510468773377866, -0.1357145878826218]
      time_from_start: 0