joint_trajectory:
  joint_names: [panda_joint1, panda_joint2, panda_joint3, panda_joint4, panda_joint5, panda_joint6, panda_joint7]
  points:
    - positions: [-2.8973, -1.021931690602451, 2.325449479284976, -0.8431644971211011, -0.646945626563002, 3.494103386559862, -1.062825514106667]
      time_from_start: 0
    - positions: [1.569197229174691, -1.750167058807444, -1.977971412975621, -1.114555774469584, -0.1249290584861213, 1.86200302106616, -0.03744124962054801]
      time_from_start: 0
    - positions: [2.86455144102524, -1.7628, -1.952675062898724, -0.4274073498971224, 2.262436745442916, 2.781559862288979, 0.3955909776721239]
      time_from_start: 0