joint_trajectory:
  joint_names: [panda_joint1, panda_joint2, panda_joint3, panda_joint4, panda_joint5, panda_joint6, panda_joint7]
  points:
    - positions: [0, -0.785, 0, -2.356, 0, 1.571, 0.785]
      time_from_start: 0
    - positions: [1.368044891488581, 0.1903901863803019, -0.3542110452422169, -0.7641233205250788, -2.330111957029562, 2.67079483092635, 0.5594776724998206]
      time_from_start: 0
    - positions: [1.072174051368679, 0.8044537247667327, 0.2287097432931082, -1.235747754149484, -2.751330419736177, 2.622057827452129, 0.2745036656323461]
      time_from_start: 0