joint_trajectory:
  joint_names: [panda_joint1, panda_joint2, panda_joint3, panda_joint4, panda_joint5, panda_joint6, panda_joint7]
  points:
    - positions: [0, -0.785, 0, -2.356, 0, 1.571, 0.785]
      time_from_start: 0
    - positions: [1.012653103838535, -0.7786915955180302, -0.4456549718576017, -0.8392615309990243, -0.2557242155568673, 2.659677401359659, 2.258694261176558]
      time_from_start: 0
    - positions: [1.072174051368679, 0.8044537247667328, 0.2287097432931084, -1.235747754149484, -2.751330419736178, 2.62205782745213, 0.2745036656323462]
      time_from_start: 0