joint_trajectory:
  joint_names: [panda_joint1, panda_joint2, panda_joint3, panda_joint4, panda_joint5, panda_joint6, panda_joint7]
  points:
    - positions: [0.5304742262177006, 1.76238199293633, 0.1030652403874675, -0.6376385823218748, -2.840906662563894, 2.261753055738331, 0.4904386666053358]
      time_from_start: 0
    - positions: [0.6989695626738226, 1.319507480043675, 0.6968855626990629, -1.48391000727343, -0.4974961963949864, 1.187614213956508, 0.4081730915012295]
      time_from_start: 0
    - positions: [0.5572951186412251, 0.4792668842833473, 0.4534131643973863, -1.463270041037143, 0.2340922150653698, 1.232978962127516, 0.01007892938156378]
      time_from_start: 0
    - positions: [0.5241923397460437, 0.9052882428000874, 0.06822954976759792, -1.102306790548068, -2.542927171150509, 2.609355422410423, 0.2009943252519953]
      time_from_start: 0