joint_trajectory:
  joint_names: [panda_joint1, panda_joint2, panda_joint3, panda_joint4, panda_joint5, panda_joint6, panda_joint7]
  points:
    - positions: [0, -0.785, 0, -2.356, 0, 1.571, 0.785]
      time_from_start: 0
    - positions: [1.058391117772812, 0.4569102376641855, 0.3391383001742985, -0.973014060589717, -2.134237648690082, 2.468805052607778, -0.2020625363382474]
      time_from_start: 0
    - positions: [1.072174051368679, 0.8044537247667327, 0.2287097432931083, -1.235747754149484, -2.751330419736177, 2.62205782745213, 0.2745036656323459]
      time_from_start: 0