joint_trajectory:
  joint_names: [panda_joint1, panda_joint2, panda_joint3, panda_joint4, panda_joint5, panda_joint6, panda_joint7]
  points:
    - positions: [-2.640662047680228, -1.331313221650791, 1.650656639324771, -0.7195000744441449, 2.390196412193029, 2.88105303742164, 2.8973]
      time_from_start: 0
    - positions: [-1.017430492500573, 1.226050021323969, -0.1553492373128755, -0.9891357033886182, -0.03906615915642915, 1.474235002579535, 0.1862863408293046]
      time_from_start: 0
    - positions: [-0.9114581686694933, 1.457922919182541, 0.1213561686062187, -0.8952740840911639, 0.5411890005465889, 1.791961184652624, 0.2354462633524503]
      time_from_start: 0
    - positions: [-0.3859864122697074, 1.7628, 1.277079063502286, -0.5773357383759199, 2.294061740857486, 2.764467388226288, 0.2303402850655675]
      time_from_start: 0