joint_trajectory:
  joint_names: [panda_joint1, panda_joint2, panda_joint3, panda_joint4, panda_joint5, panda_joint6, panda_joint7]
  points:
    - positions: [0, -0.785, 0, -2.356, 0, 1.571, 0.785]
      time_from_start: 0
    - positions: [0.798245877152337, -0.5246226734580401, -0.03129338392413632, -2.493701647346148, -2.23295216051917, 1.482843618611879, -0.607527527123227]
      time_from_start: 0
    - positions: [0.6531295511746061, 0.9998194216786684, 0.8798252975291009, -1.280449554463946, -2.890228973536052, 2.511249024778252, -0.1296227853689411]
      time_from_start: 0