joint_trajectory:
  joint_names: [panda_joint1, panda_joint2, panda_joint3, panda_joint4, panda_joint5, panda_joint6, panda_joint7]
  points:
    - positions: [0, -0.785, 0, -2.356, 0, 1.571, 0.785]
      time_from_start: 0
    - positions: [0.5063387427604349, 0.5452766394164512, 1.110649531519021, -1.353851505715803, -1.953475191938312, 1.958577564381237, -0.0476544531497683]
      time_from_start: 0
    - positions: [0.652874757379165, 0.9996677672293373, 0.8801605115965787, -1.281232856653469, -2.894782680468166, 2.50921935479986, -0.1267764325022512]
      time_from_start: 0