joint_trajectory:
  joint_names: [panda_joint1, panda_joint2, panda_joint3, panda_joint4, panda_joint5, panda_joint6, panda_joint7]
  points:
    - positions: [-1.360924158004426, 1.527946293852355, 0.803403031707782, -1.28767319323786, 2.897299964169865, 2.118682643340447, 0.09051077248611984]
      time_from_start: 0
    - positions: [0.5406161788130939, 1.058828351636399, -0.5545303604305427, -1.117315978374522, -0.2210873516991176, 1.963918481927652, 0.07399684905273152]
      time_from_start: 0
    - positions: [-0.3912617308513728, -1.154269898016751, 2.012836682632798, -1.185133198042214, -0.4384611269259358, 1.222299933626782, 2.866703439853061]
      time_from_start: 0
    - positions: [-0.5768920676416462, 1.33195136230955, -1.516570453931082, -0.3212520226479547, -2.184681916336558, 3.377603819112199, 1.260449239221964]
      time_from_start: 0