joint_trajectory:
  joint_names: [panda_joint1, panda_joint2, panda_joint3, panda_joint4, panda_joint5, panda_joint6, panda_joint7]
  points:
    - positions: [0, -0.785, 0, -2.356, 0, 1.571, 0.785]
      time_from_start: 0
    - positions: [0.356643014474021, -0.6624741500056314, 0.324979156241106, -1.726636521350534, -0.4516055929367507, 2.112061779009121, 0.1689561160413859]
      time_from_start: 0
    - positions: [0.6518014751989281, 0.778181799734915, 0.836335400985951, -1.272542694349325, -2.593809522456745, 2.516292187322177, -0.159641176695836]
      time_from_start: 0
    - positions: [0.6541605319358798, 0.9994625247434001, 0.878389802783341, -1.279371266465723, -2.887922805579931, 2.512701267731778, -0.1338797168270741]
      time_from_start: 0