joint_trajectory:
  joint_names: [panda_joint1, panda_joint2, panda_joint3, panda_joint4, panda_joint5, panda_joint6, panda_joint7]
  points:
    - positions: [0, -0.785, 0, -2.356, 0, 1.571, 0.785]
      time_from_start: 0
    - positions: [0.02746602058541663, -0.7938108737318459, 0.1297107762522623, -2.225322611530195, -0.1229951410980105, 1.607300145834498, 0.6235174856758787]
      time_from_start: 0
    - positions: [0.5743960033289518, 0.6475101742377588, 0.9254230644905149, -1.27201719359339, -2.549552567210967, 2.388188327753009, -0.2173366142781622]
      time_from_start: 0
    - positions: [0.653017036972213, 0.9992421115125224, 0.8800261671511365, -1.282391817443046, -2.896345390538364, 2.505630079711216, -0.1259027489522188]
      time_from_start: 0