joint_trajectory:
  joint_names: [panda_joint1, panda_joint2, panda_joint3, panda_joint4, panda_joint5, panda_joint6, panda_joint7]
  points:
    - positions: [-2.393820694484831, -1.754394921405496, 2.770783153648501, -0.6939124411565846, -2.41667904699753, 2.316423036848802, 0.6591882514204207]
      time_from_start: 0
    - positions: [-1.509424807582939, -1.476489882763917, 2.73849124526888, -0.5668350801028897, -2.239916423665772, 2.273285635996855, 0.6504859207438396]
      time_from_start: 0
    - positions: [-0.4174393925297073, 0.2250680586934088, -1.561265447932854, -2.314545986806019, 2.385513389677601, 2.718760725965258, -1.69384507870255]
      time_from_start: 0
    - positions: [-2.243808697271785, -1.006696109607389, 2.554061024168014, -1.025094822828779, -2.332169627937197, 2.795831299718841, 0.5110536574339538]
      time_from_start: 0