joint_trajectory:
  joint_names: [panda_joint1, panda_joint2, panda_joint3, panda_joint4, panda_joint5, panda_joint6, panda_joint7]
  points:
    - positions: [0, -0.785, 0, -2.356, 0, 1.571, 0.785]
      time_from_start: 0
    - positions: [0.1725853927062454, -0.4949053279574045, 0.631120349981739, -1.720980041235848, -0.4449440104261613, 2.037861932122937, 0.9370557186655035]
      time_from_start: 0
    - positions: [0.9610605468656997, 0.6491828044913108, 0.3690173420844097, -1.226362083915671, -2.466770397673412, 2.595281797118003, 0.3920482513692007]
      time_from_start: 0
    - positions: [1.072174051368679, 0.8044537247667327, 0.2287097432931083, -1.235747754149484, -2.751330419736177, 2.62205782745213, 0.2745036656323459]
      time_from_start: 0