joint_trajectory:
  joint_names: [panda_joint1, panda_joint2, panda_joint3, panda_joint4, panda_joint5, panda_joint6, panda_joint7]
  points:
    - positions: [0, -0.785, 0, -2.356, 0, 1.571, 0.785]
      time_from_start: 0
    - positions: [0.6472255421824551, -0.7374945384912532, 0.2306296905656545, -1.60123298458039, -1.825210869310793, 1.864884300254605, -0.08875348814532254]
      time_from_start: 0
    - positions: [0.653797786910818, 0.999890579188825, 0.8791512517341897, -1.279561967684314, -2.894108018885973, 2.512229197477354, -0.1296536421039735]
      time_from_start: 0