joint_trajectory:
  joint_names: [panda_joint1, panda_joint2, panda_joint3, panda_joint4, panda_joint5, panda_joint6, panda_joint7]
  points:
    - positions: [-2.572488124749989, -1.386271894744024, 1.510402217654318, -0.8272692269456098, 2.534347806282293, 2.825052201944206, 2.8973]
      time_from_start: 0
    - positions: [-1.86100036992847, 1.549176728479867, 1.107560397981226, -1.961508586697638, 2.456692326613057, 2.027638050072538, 0.09528416095978422]
      time_from_start: 0
    - positions: [-0.2701339310974708, 1.762341913517973, 1.221320742005672, -0.4068189546946703, 2.216946810187699, 2.790291572203068, 0.4026597884377087]
      time_from_start: 0