joint_trajectory:
  joint_names: [panda_joint1, panda_joint2, panda_joint3, panda_joint4, panda_joint5, panda_joint6, panda_joint7]
  points:
    - positions: [0, -0.785, 0, -2.356, 0, 1.571, 0.785]
      time_from_start: 0
    - positions: [0.9221048437164617, -0.1333281178541579, 0.4261653005465605, -1.564755886478626, -1.149639960939483, 2.111117776100376, 0.1922410755692679]
      time_from_start: 0
    - positions: [0.6534202433089092, 0.9998719197517717, 0.8795160131912434, -1.279557828058311, -2.893561308686849, 2.513212608194273, -0.1295515048864363]
      time_from_start: 0