joint_trajectory:
  joint_names: [panda_joint1, panda_joint2, panda_joint3, panda_joint4, panda_joint5, panda_joint6, panda_joint7]
  points:
    - positions: [0, -0.785, 0, -2.356, 0, 1.571, 0.785]
      time_from_start: 0
    - positions: [0.6340589768081573, 0.02300796198681905, 0.8359171853412597, -1.602682801726495, -0.6928015302381122, 1.790600237228932, 0.7795867318773766]
      time_from_start: 0
    - positions: [0.6540708113006837, 0.998433120477227, 0.8781334135147771, -1.281928226775438, -2.895704965311505, 2.507000997297933, -0.1275075437145729]
      time_from_start: 0